# Project Zomboid Skinned Mesh
# File Version:
1.0
# Model Name:
Cube.020
# Vertex Stride Element Count:
3
# Vertex Stride Size (in bytes):
76
# Vertex Stride Data:
# (Int)    Offset
# (String) Type
0
VertexArray
12
NormalArray
24
TextureCoordArray
# Vertex Count:
743
# Vertex Buffer:
0.45886418, -0.27834451, -1.09442496
0.57734919, -0.57734919, 0.57734919
0.65309542, 0.58858415
0.43817788, -0.17491299, -1.09442496
0.0, 0.0, 1.0
0.65969723, 0.62159261
0.41878453, -0.27834451, -1.09442496
0.0, 0.0, 1.0
0.66588622, 0.58858404
0.29358494, 0.21192102, 0.17942077
0.89074373, 0.45445111, 0.0
0.29584128, 0.65601137
0.40229344, -0.00114805, 0.39776349
0.89074373, 0.45445111, 0.0
0.23133321, 0.72121739
0.43817776, -0.07148147, 0.1656418
0.9722892, 0.23368023, 0.0
0.30607942, 0.74274167
0.29358482, 0.21192102, 0.1656418
0.89074373, 0.45445111, 0.0
0.2993896, 0.65601137
0.43817788, -0.07148147, -0.40669522
0.9722892, 0.23368023, 0.0
0.48630252, 0.74274167
0.43817788, -0.17491299, -1.15430951
0.99481183, -0.1015656, 0.0
0.72206855, 0.77456427
0.43817788, -0.17491299, -1.09442496
0.9956969, -0.09253212, 0.0
0.70316434, 0.77456427
0.41878453, -0.27834442, -1.15430951
0.98284858, -0.18427075, 0.0
0.72095472, 0.80644903
0.43817776, -0.17491299, 0.1656418
0.99511701, -0.09851375, 0.0
0.3061282, 0.77456427
0.40714851, -0.3300603, 0.39776349
0.98055971, -0.19611195, 0.0
0.23170875, 0.82557988
0.40714851, -0.3300603, 0.1656418
0.98055971, -0.19611195, 0.0
0.3047947, 0.82557988
0.43817776, -0.17491299, 0.39776349
0.99511701, -0.09851375, 0.0
0.23304231, 0.77456427
0.43817776, -0.17491299, 0.90079981
0.99685657, -0.07892086, 0.0
0.07471694, 0.77456427
0.43817776, -0.0714815, 1.08045578
0.90789515, 0.40565202, 0.10544145
0.01809819, 0.74274167
0.43817776, -0.17491299, 1.08045554
0.99511701, -0.09851375, 0.0
0.01814706, 0.77456421
0.43817776, -0.1294031, 0.87085718
1.0, 0.0, 0.0
0.08414753, 0.76056233
0.43817776, -0.10871681, 0.82694119
1.0, 0.0, 0.0
0.09800073, 0.75419778
0.43817776, -0.10871681, 0.64728552
1.0, 0.0, 0.0
0.15471342, 0.75419784
0.43817776, -0.07148147, 0.39776349
0.9722892, 0.23368023, 0.0
0.2329935, 0.74274167
0.43817776, -0.07148147, 0.46762943
0.9722892, 0.23368023, 0.0
0.2115512, 0.74274167
0.43817776, -0.1294031, 0.59738094
0.99996948, 0.0, 0.0
0.17047666, 0.76056233
0.43817776, -0.17491299, 0.55745733
0.99722284, -0.07415998, 0.0
0.18310104, 0.77456427
0.40714851, -0.3300603, 0.52751499
0.98055971, -0.19611195, 0.0
0.19121952, 0.82557988
0.39701653, 0.0091951, -0.76201421
0.89074373, 0.45445111, 0.0
0.59656304, 0.71805206
0.43817806, -0.07148147, -1.12460518
0.9808954, 0.19446394, 0.0
0.71264267, 0.74274173
0.41284776, -0.02183429, -1.11034679
0.89074373, 0.45445111, 0.0
0.70696962, 0.72754809
0.28303072, -0.00641143, -1.11833429
0.60429698, 0.62099063, -0.49913022
0.43933162, 0.36203986
0.00169683, 0.00402361, -1.11533737
0.0, 0.79186374, -0.61067539
0.52643979, 0.35957128
0.28303072, 0.0091951, -0.72209078
0.04965362, 0.99755853, -0.0486465
0.43933162, 0.23387837
0.41284776, -0.02183429, -1.11034679
0.0, 0.70635092, -0.70781577
0.39522642, 0.365439
0.28303072, -0.02183429, -1.11034679
0.85897398, 0.39515367, -0.32551041
0.43546903, 0.36585116
0.39701653, 0.0091951, -0.76201421
-0.01391644, 0.99865717, -0.04983672
0.39986509, 0.24564081
0.28303072, 0.0091951, -0.72209078
0.00311289, 0.99865717, -0.05154576
0.43546903, 0.23387837
0.39701653, 0.0091951, -0.68216723
0.0, 1.0, 0.0
0.39986509, 0.21984595
0.28303072, -0.17491299, -1.16672707
0.6349681, 0.21323283, -0.74248481
0.43933162, 0.41653883
0.28303072, -0.17491299, -1.15430951
0.76235235, 0.17862484, -0.62199771
0.43546903, 0.41536182
0.09498416, -0.03647263, -1.12696815
0.0, 0.27603993, -0.96111941
0.49752557, 0.37265551
0.09498416, -0.1281375, -1.15329337
0.0, 0.27600941, -0.96111941
0.49752557, 0.40230292
0.43817806, -0.07148147, -1.12460518
0.0, 0.27600941, -0.96111941
0.38720974, 0.38141614
0.40229344, -0.00114805, 0.39776349
0.25540942, 0.7556383, 0.6031068
0.99681807, 0.9734967
0.2728985, 0.21192102, 0.1856036
0.18723105, 0.76265752, 0.61906797
0.95499378, 0.87863851
0.23958924, -0.00114799, 0.46762943
0.1587878, 0.77108067, 0.61659598
0.94424248, 0.99141226
0.00169683, -0.00114805, 0.497572
0.0, 0.77809989, 0.62810147
0.86980689, 0.99904583
0.16605242, 0.21192102, 0.21289636
0.11551256, 0.77797782, 0.61754203
0.92123562, 0.88562056
0.00169683, 0.21192102, 0.23374139
0.0, 0.77794731, 0.62828457
0.86980695, 0.8909348
0.39701653, 0.0091951, -0.68216723
0.22476882, 0.74303412, -0.63035983
0.74393702, 0.83066553
0.2728985, 0.21192078, -0.48746637
0.19342631, 0.75472271, -0.62685019
0.78371459, 0.74192706
0.29358494, 0.21192078, -0.47748533
0.28782007, 0.7491684, -0.59654528
0.77695018, 0.73942173
0.28303072, 0.0091951, -0.72209078
0.15051728, 0.75093842, -0.64296395
0.78041393, 0.84065843
0.16189742, 0.21192078, -0.50297838
0.07678457, 0.76006347, -0.64525282
0.81847787, 0.74583212
0.41924724, -0.04656725, 1.08045554
0.0458388, 0.95818967, 0.28235725
0.01722808, 0.73513702
0.42034119, -0.07148147, 1.12037897
0.75014496, 0.56999421, 0.33515427
0.00468667, 0.74279881
0.40229344, -0.00114799, 0.46762943
0.0, 0.99914551, 0.04080325
0.26291206, 0.42420089
0.24993235, -0.00114799, 0.46762943
0.0, 0.99914551, 0.04080325
0.21598895, 0.42420089
0.24993235, -0.0321775, 0.84690279
0.38566241, 0.9180578, 0.09167761
0.21598889, 0.54518417
0.40229344, -0.03217747, 0.84690291
-0.70030826, 0.70754111, 0.09442427
0.08995902, 0.72312003
0.40247381, -0.06574363, 1.08045578
-0.72969759, 0.63826412, 0.24515519
0.01597879, 0.72751144
0.42034119, -0.07148147, 1.12037897
-0.69109166, 0.60448009, 0.39616078
0.00293006, 0.73193726
0.40229344, -0.00114805, 0.39776349
0.0, 1.0, 0.0
0.26291206, 0.40192425
0.23958924, -0.00114799, 0.46762943
0.01080355, 0.99810785, 0.06021302
0.21280353, 0.42420089
0.23958924, -0.02183433, 0.84690279
0.38038272, 0.92181158, 0.07434309
0.21280351, 0.54516658
0.23958924, -0.05079518, 1.12037897
0.50791955, 0.85622728, 0.09402753
0.2128035, 0.63241324
0.24993235, -0.07148147, 1.12037897
0.50163275, 0.8562578, 0.12305063
0.21598892, 0.63244843
0.40229344, -0.00114799, 0.46762943
0.88518935, 0.46516311, 0.00073244
0.20989092, 0.72121733
0.40229344, -0.03217747, 0.84690291
-0.69872129, 0.71297342, 0.05832087
0.09033611, 0.72307765
0.4128477, -0.02183433, 0.84690291
0.16067995, 0.98425245, 0.07358012
0.09065257, 0.72754803
0.00169683, -0.05079518, 1.17028308
0.0, 0.99600208, 0.08917508
0.13953902, 0.64832506
0.00169683, -0.02183433, 0.84690279
0.0, 0.99688709, 0.07855465
0.13953902, 0.54516652
0.00169683, -0.00114805, 0.497572
0.0, 0.99841303, 0.05609302
0.13953899, 0.43374789
0.43817776, -0.07148147, 0.84690291
0.97140414, 0.23731193, 0.00558489
0.09182448, 0.74274167
0.00169683, 0.02470991, -0.74205273
0.0, 0.7619251, -0.64766383
0.86850804, 0.84265178
0.00169683, 0.2119209, -0.5155614
0.0, 0.7707755, -0.63707387
0.86850798, 0.74901158
0.00169683, 0.2222641, 0.21377966
0.0, 0.96704, 0.25452438
0.01866152, 0.09550905
0.16605242, 0.21192102, 0.21289636
0.05822932, 0.8863796, 0.45927304
0.01821115, 0.14517927
0.16605242, 0.2222641, 0.1929346
0.04834132, 0.96835232, 0.24472792
0.02518635, 0.1450811
0.2728985, 0.21192102, 0.1856036
0.12494278, 0.88091677, 0.45643482
0.0267502, 0.17750233
0.2728985, 0.2222641, 0.1656418
0.2070986, 0.96285897, 0.17316203
0.03372337, 0.17730671
0.29358494, 0.21192102, 0.17942077
0.13620411, 0.87960446, 0.45576343
0.02865463, 0.18375039
0.29358482, 0.21192102, 0.1656418
0.44718772, 0.89440596, 0.0
0.03372472, 0.18428254
0.29358494, 0.21192102, 0.17942077
0.44718772, 0.89440596, 0.0
0.02941781, 0.18428349
0.29358494, 0.21192078, -0.46750447
0.44718772, 0.89440596, 0.0
0.23162775, 0.18424511
0.2728985, 0.2222641, -0.46750471
0.20377208, 0.96038699, -0.19000824
0.23162636, 0.17726928
0.29358494, 0.21192078, -0.47748533
0.44718772, 0.89440596, 0.0
0.23474745, 0.18424451
0.2728985, 0.21192078, -0.48746637
0.12698752, 0.88067263, -0.45631275
0.23860155, 0.17737454
0.29358494, 0.21192078, -0.47748533
0.21668142, 0.8667562, -0.44911039
0.23571502, 0.18372524
0.16189742, 0.2222641, -0.48301682
0.0267037, 0.97018343, -0.24079104
0.23646864, 0.14378792
0.16189742, 0.21192078, -0.50297838
0.06414991, 0.88604391, -0.45908993
0.24344389, 0.14389312
0.16189742, 0.21192078, -0.50297838
0.0361034, 0.88729513, -0.45976135
0.24344437, 0.14384651
0.00169683, 0.2222641, -0.4955996
0.0, 0.96877956, -0.24784082
0.24039252, 0.09546709
0.23958924, -0.07148147, 1.12037897
0.10318308, 0.0, 0.99465925
0.54701155, 0.44346732
0.24993235, -0.07148147, 1.12037897
0.0, 0.0, 1.0
0.5503124, 0.44346732
0.23958924, -0.05079518, 1.12037897
0.15909299, 0.0, 0.98724324
0.54701149, 0.43686539
0.00169683, -0.07148147, 1.17028308
0.0, 0.0, 1.0
0.46931675, 0.4434672
0.00169683, -0.05079518, 1.17028308
0.0, 0.0, 1.0
0.46931681, 0.43686539
0.40250453, -0.07148147, 1.12037897
0.0, 0.98980683, 0.14224677
0.26297709, 0.63244843
0.42034119, -0.07148147, 1.12037897
0.0, 0.98980683, 0.14224677
0.26847032, 0.63244843
0.40247381, -0.06574363, 1.08045578
0.0, 0.98980683, 0.14224677
0.26296762, 0.6197091
0.42034119, -0.17491299, 1.12037897
0.54408401, 0.0, 0.83901489
0.60469693, 0.47647655
0.43817776, -0.0714815, 1.08045578
0.9129917, 0.0, 0.40791041
0.61907542, 0.4434672
0.42034119, -0.07148147, 1.12037897
0.54408401, 0.0, 0.83901489
0.60469693, 0.44346732
0.23958924, -0.17491299, 1.12037897
0.10318308, 0.0, 0.99465925
0.54701155, 0.47647655
0.00169683, -0.17491299, 1.17028308
0.0, 0.0, 1.0
0.46931678, 0.47647655
0.45886418, -0.17491299, 1.14034057
0.71568954, 0.62877285, 0.30393383
0.61830151, 0.51717862
0.45886418, -0.27000979, 1.08045578
0.70708334, 0.0, -0.70708334
0.63683969, 0.54811952
0.45886418, -0.17491299, 1.08045554
0.57734919, 0.57734919, -0.57734919
0.63799924, 0.51793534
0.41749141, -0.17491299, 1.18026423
0.29023102, 0.63173312, 0.71877193
0.59973007, 0.51646522
0.45886418, -0.27000979, 1.14034081
0.92040771, 0.0, 0.39088106
0.61714184, 0.54736277
0.43817776, -0.17491299, 1.08045554
0.0, 0.0, -1.0
0.64456522, 0.51818758
0.41915858, -0.27000979, 1.08045578
0.0, 0.0, -0.99996948
0.64944237, 0.54860374
0.28096175, -0.27000979, 1.18026423
0.0, 0.0, 0.99996948
0.55523539, 0.54498431
0.41749141, -0.27000979, 1.18026423
0.37443158, 0.0, 0.92724389
0.59857053, 0.54664925
0.00169683, -0.17491299, 1.20022583
0.0, 0.68874174, 0.72496718
0.46788108, 0.51792118
0.23958924, -0.27000979, 1.18026423
0.08359019, 0.0, 0.99649036
0.54450977, 0.54531875
0.23958924, -0.17491299, 1.18026423
0.03659169, 0.89904475, 0.43629262
0.5432632, 0.51429561
0.00169683, -0.17491299, 1.17028308
0.0, 1.0, 0.0
0.46788105, 0.5081116
0.23958924, -0.17491299, 1.12037897
0.0, 1.0, 0.0
0.54402, 0.49459773
0.42034119, -0.17491299, 1.12037897
0.0, 1.0, 0.0
0.6148088, 0.5037359
0.42034119, -0.17491299, 1.12037897
0.0, 1.0, 0.0
0.62533724, 0.50520349
0.43817776, -0.17491299, 1.08045554
0.0, 1.0, 0.0
0.6382516, 0.51136947
0.28096175, -0.17491299, 1.18026423
0.0, 0.89440596, 0.44718772
0.55639505, 0.51480016
0.42034119, -0.17491299, 1.12037897
0.0, 1.0, 0.0
0.60139161, 0.49680203
0.41749153, -0.27834451, 0.91477305
0.98055971, -0.19611195, 0.0
0.06941684, 0.80645317
0.41915858, -0.27000979, 1.08045578
0.98055971, -0.19611195, 0.0
0.01732956, 0.80388343
0.43817788, -0.1294031, -0.45659944
1.0, 0.0, 0.0
0.50208348, 0.76056233
0.43817788, -0.17491299, -0.40669522
0.99725336, -0.07400738, 0.0
0.48635146, 0.77456427
0.43817788, -0.12940305, -0.7061215
0.99996948, 0.0, 0.0
0.58085102, 0.76056233
0.43817788, -0.07148147, -0.75203341
0.9722892, 0.23368023, 0.0
0.59531683, 0.74274173
0.43817788, -0.07148147, -0.7061215
0.9722892, 0.23368023, 0.0
0.58082366, 0.74274167
0.43817806, -0.07148147, -0.76201421
0.9722892, 0.23368023, 0.0
0.59846747, 0.74274167
0.40714851, -0.3300603, -0.38673356
0.98055971, -0.19611195, 0.0
0.47872129, 0.82557988
0.43817806, -0.27834442, -1.19423342
0.41300699, -0.60673851, -0.67915893
0.61852837, 0.58858433
0.28096175, -0.17491299, -1.19423342
0.0, 0.89440596, -0.44718772
0.56835514, 0.62159315
0.43817806, -0.17491299, -1.19423342
0.41300699, 0.60673851, -0.67915893
0.61852854, 0.62159282
0.45886418, -0.27834442, -1.15430951
0.73201698, -0.65749079, -0.17838068
0.63329017, 0.58858427
0.45886418, -0.17491299, -1.15430951
0.73201698, 0.65749079, -0.17838068
0.63329047, 0.62159273
0.45886418, -0.17491299, -1.09442496
0.57734919, 0.57734919, 0.57734919
0.6530956, 0.62159261
0.43817806, -0.17491299, -1.15430951
0.0, 1.0, 0.0
0.63033813, 0.62749752
0.43817806, -0.17491299, -1.15430951
0.0, 0.99996948, 0.0
0.63329041, 0.62819442
0.43817788, -0.17491299, -1.09442496
0.0, 0.99996948, 0.0
0.6530956, 0.62819433
0.43817806, -0.17491299, -1.15430951
0.0, 1.0, 0.0
0.61852866, 0.63479644
0.28303072, -0.17491299, -1.16672707
0.0, 1.0, 0.0
0.5690155, 0.63069016
0.28303072, -0.17491299, -1.15430951
0.0, 1.0, 0.0
0.5690155, 0.63479671
0.23958924, -0.17491299, -1.19423342
0.0, 0.89440596, -0.44718772
0.5551526, 0.62159353
0.39701653, 0.0091951, -0.68216723
0.89074373, 0.45445111, 0.0
0.57135743, 0.718052
0.43817788, -0.07148147, -0.68216723
0.9722892, 0.23368023, 0.0
0.57326192, 0.74274167
0.43817788, -0.07148147, -0.46750471
0.9722892, 0.23368023, 0.0
0.50549859, 0.74274167
0.29358494, 0.21192078, -0.47748533
0.89074373, 0.45445111, 0.0
0.50195938, 0.65601137
0.29358494, 0.21192078, -0.46750447
0.89074373, 0.45445111, 0.0
0.49880868, 0.65601137
0.43817776, -0.10871681, 0.82694119
0.0, -0.97585988, -0.21832941
0.70434403, 0.15541828
0.21450718, -0.10871681, 0.64728552
0.66566974, -0.73186439, 0.14566484
0.74308759, 0.12316918
0.43817776, -0.10871681, 0.64728552
0.0, -0.98074281, 0.19519639
0.70434403, 0.12316924
0.43817776, -0.1294031, 0.59738094
0.0, -0.81279945, 0.58250678
0.70434403, 0.11352122
0.21450718, -0.17491299, 0.55745733
0.0, -0.43977171, 0.89806819
0.74308759, 0.10286742
0.43817776, -0.17491299, 0.55745733
0.0, -0.45573291, 0.89010286
0.70434403, 0.10286742
0.41749153, -0.27834451, 0.91477305
0.0, -0.13385418, -0.99099702
0.70792729, 0.19170946
0.21450718, -0.17491299, 0.90079981
0.0, -0.35047457, -0.93655205
0.74308759, 0.17361856
0.43817776, -0.17491299, 0.90079981
0.0, -0.36460462, -0.93115026
0.70434403, 0.17361861
0.43817776, -0.1294031, 0.87085718
0.0, -0.75539416, -0.65526289
0.70434403, 0.16407752
0.21450718, -0.10871681, 0.82694119
0.66109192, -0.73216957, -0.16379283
0.74308759, 0.15541828
0.21450718, -0.1294031, 0.59738094
0.0, -0.81279945, 0.58250678
0.74308759, 0.11352122
0.40714851, -0.3300603, 0.52751499
0.0, -0.18948942, 0.98187202
0.70971876, 0.07546109
0.21450718, -0.3300603, 0.52751499
0.0, -0.18948942, 0.98187202
0.74308753, 0.07546109
0.21450718, -0.1294031, 0.87085718
0.0, -0.75539416, -0.65526289
0.74308759, 0.16407752
0.21450718, -0.17491299, 0.90079981
1.0, 0.0, 0.0
0.75455391, 0.1686762
0.21450718, -0.27834451, 0.91477305
1.0, 0.0, 0.0
0.77247006, 0.17118436
0.40714851, -0.3300603, -0.38673356
0.0, -0.12759788, -0.99182105
0.71233022, 0.55160517
0.23002195, -0.17491299, -0.40669522
0.0, -0.46150091, -0.88711202
0.74301165, 0.52271631
0.43817788, -0.17491299, -0.40669522
0.0, -0.48298594, -0.87560654
0.70695543, 0.52271631
0.43817788, -0.12940305, -0.7061215
0.0, -0.92471081, 0.38062686
0.70695543, 0.46599334
0.23002195, -0.17491299, -0.75203341
0.0, -0.53425705, 0.84530169
0.74301159, 0.45458877
0.43817788, -0.17491299, -0.75203341
0.0, -0.54567093, 0.83797723
0.70695543, 0.45458877
0.43817788, -0.1294031, -0.45659944
0.0, -0.932432, -0.36130863
0.70695543, 0.51078358
0.23002195, -0.12940305, -0.7061215
0.63060397, -0.71764272, 0.29538864
0.74301159, 0.46599334
0.41684526, -0.28868777, -0.79195708
0.0, -0.33109531, 0.94357127
0.71065056, 0.43361861
0.23002195, -0.28868777, -0.79195708
0.0, -0.33109531, 0.94357127
0.74301159, 0.43361861
0.23002195, -0.1294031, -0.45659944
0.63408309, -0.72099978, -0.27936643
0.74301159, 0.51078361
0.23002195, -0.3300603, -0.38673356
1.0, 0.0, 0.0
0.77956051, 0.52332488
0.23002195, -0.28868777, -0.79195708
1.0, 0.0, 0.0
0.77060246, 0.45058548
0.41878453, -0.27834442, -1.15430951
0.0, -1.0, 0.0
0.62757003, 0.57714382
0.41878453, -0.27834442, -1.15430951
0.0, -1.0, 0.0
0.63329017, 0.57579342
0.28096175, -0.27834466, -1.19423342
0.0, -0.89440596, -0.44718772
0.56835502, 0.58858484
0.41878453, -0.27834442, -1.15430951
0.0, -1.0, 0.0
0.61233914, 0.57538089
0.41878453, -0.27834442, -1.15430951
0.00018311, -0.99957275, -0.02829066
0.7444281, 0.53758663
0.00169683, -0.28868777, -0.79195708
0.0, -0.99957275, -0.02826014
0.85126144, 0.6339373
0.00169683, -0.27834451, -1.16025138
0.0, -0.99960327, -0.02804651
0.85120523, 0.53758663
0.00169683, -0.28868777, -0.79195708
0.0, -0.99481183, -0.1015656
0.8512063, 0.43274796
0.23002195, -0.3300603, -0.38673356
0.0, -0.99481183, -0.1015656
0.7924152, 0.54169238
0.00169683, -0.3300603, -0.38673356
0.0, -0.99481183, -0.1015656
0.8512063, 0.54169238
0.40714851, -0.3300603, 0.52751499
0.0, -1.0, 0.0
0.74678463, 0.43591756
0.00169683, -0.3300603, -0.38673356
0.0, -0.99996948, 0.0
0.85116059, 0.19200653
0.40714851, -0.3300603, -0.38673356
0.0, -1.0, 0.0
0.74678552, 0.19200617
0.00169683, -0.27834451, 0.91477305
0.0, -0.99118012, 0.13235877
0.85116059, 0.19200653
0.21450718, -0.3300603, 0.52751499
0.0, -0.99118012, 0.13235877
0.79586685, 0.08687258
0.21450718, -0.27834451, 0.91477305
0.0, -0.99118012, 0.13235877
0.79586703, 0.19200653
0.00169683, -0.27000979, 1.08045578
0.0, -0.99966431, 0.02511673
0.85116047, 0.04369754
0.41749153, -0.27834451, 0.91477305
0.0, -0.9987182, 0.05023347
0.95559347, 0.08687252
0.41915858, -0.27000979, 1.08045578
0.0, -0.99984741, 0.01666311
0.95601213, 0.0436976
0.45886418, -0.27000979, 1.14034081
0.0, -1.0, 0.0
0.96598482, 0.02811068
0.41749141, -0.27000979, 1.18026423
0.0, -1.0, 0.0
0.95559347, 0.01771933
0.26255557, 0.30500931, -0.15374628
0.50306714, 0.70027775, -0.50645465
0.65678376, 0.04575884
0.00169683, 0.30500931, -0.05393742
0.0, 0.78563797, 0.61864072
0.57353312, 0.07876807
0.26255557, 0.30500931, -0.05393742
0.50306714, 0.70027775, 0.50645465
0.65678376, 0.07876807
0.26255557, 0.2222641, -0.05393742
0.0, -0.23450422, 0.9721061
0.65678376, 0.1059882
0.00169683, 0.26363671, -0.0439565
0.0, 0.0, 1.0
0.573533, 0.0923782
0.00169683, 0.2222641, -0.05393742
0.0, -0.23450422, 0.9721061
0.57353312, 0.10598826
0.00169683, 0.26363671, -0.1637271
0.0, 0.0, -1.0
0.573533, 0.03214878
0.00169683, 0.30500931, -0.15374628
0.0, 0.78563797, -0.61864072
0.57353312, 0.04575884
0.2728985, 0.26363671, -0.0439565
0.0, 0.0, 1.0
0.66008466, 0.09237814
0.26255557, 0.2222641, -0.15374628
0.0, -0.23450422, -0.9721061
0.65678376, 0.01853877
0.2728985, 0.26363671, -0.1637271
0.0, 0.0, -0.99996948
0.66008466, 0.03214884
0.2728985, 0.26363671, -0.1637271
1.0, 0.0, 0.0
0.67039376, 0.04245788
0.2728985, 0.26363671, -0.0439565
1.0, 0.0, 0.0
0.67039376, 0.0820691
0.26255557, 0.2222641, -0.05393742
0.9701224, -0.24250008, 0.0
0.68400389, 0.07876807
0.28096175, -0.27000979, 1.18026423
1.0, 0.0, 0.0
0.3513422, 0.35881132
0.28096175, -0.17491299, 1.20022583
0.57734919, 0.57734919, 0.57734919
0.34597135, 0.33412093
0.28096175, -0.27000979, 1.20022607
0.57734919, -0.57734919, 0.57734919
0.34597135, 0.35881132
0.23958924, -0.17491299, 1.18026423
0.0, 1.0, 0.0
0.33522955, 0.32875001
0.28096175, -0.17491299, 1.18026423
0.0, 1.0, 0.0
0.34597135, 0.32875001
0.23958924, -0.27000979, 1.18026423
-1.0, 0.0, 0.0
0.32985869, 0.35881132
0.23958924, -0.17491299, 1.20022583
-0.57734919, 0.57734919, 0.57734919
0.33522958, 0.33412093
0.23958924, -0.17491299, 1.18026423
-1.0, 0.0, 0.0
0.32985872, 0.33412093
0.28096175, -0.27000979, 1.18026423
0.0, -1.0, 0.0
0.34597135, 0.36418223
0.23958924, -0.27000979, 1.20022607
-0.57734919, -0.57734919, 0.57734919
0.33522955, 0.35881132
0.23958924, -0.27000979, 1.18026423
0.0, -1.0, 0.0
0.33522955, 0.36418223
0.00169683, -0.27834466, -1.19423342
0.0, -0.70708334, -0.70708334
0.47922945, 0.58858547
0.00169683, -0.17491299, -1.19423342
0.0, 0.70708334, -0.70708334
0.4792296, 0.621595
0.23958924, -0.27834466, -1.19423342
0.0, -1.0, 0.0
0.32135606, 0.40604275
0.28096175, -0.27834451, -1.21419501
0.57734919, -0.57731867, -0.57734919
0.31060278, 0.40066612
0.28096175, -0.27834466, -1.19423342
0.0, -1.0, 0.0
0.31060278, 0.40604275
0.28096175, -0.17491299, -1.19423342
1.0, 0.0, 0.0
0.30522615, 0.37378299
0.28096175, -0.17491299, -1.21419501
0.57734919, 0.57734919, -0.57734919
0.31060272, 0.37378299
0.23958924, -0.17491299, -1.19423342
-1.0, 0.0, 0.0
0.3267327, 0.37378299
0.23958924, -0.27834451, -1.21419501
-0.57734919, -0.57731867, -0.57734919
0.32135606, 0.40066612
0.23958924, -0.27834466, -1.19423342
-1.0, 0.0, 0.0
0.3267327, 0.40066612
0.28096175, -0.17491299, -1.19423342
0.0, 1.0, 0.0
0.31060272, 0.36840636
0.23958924, -0.17491299, -1.21419501
-0.57734919, 0.57734919, -0.57734919
0.32135606, 0.37378299
0.23958924, -0.17491299, -1.19423342
0.0, 1.0, 0.0
0.32135606, 0.36840636
0.09498416, -0.03647263, -1.10700607
-0.5640431, -0.49678031, -0.65956604
0.35735601, 0.31252205
0.00169683, -0.12813741, -1.13333178
0.0, 0.79876095, -0.60164189
0.3282212, 0.28265303
0.00169683, -0.03647263, -1.1070056
0.0, -0.60164189, -0.79876095
0.3282212, 0.31252205
0.09498416, -0.03647263, -1.12696815
-0.99996948, 0.0, 0.0
0.36354816, 0.31103474
0.09498416, -0.1281375, -1.13333178
-0.59349346, 0.64284188, -0.48420668
0.35735601, 0.28265297
0.00169683, -0.12813741, -1.15329337
0.0, 0.99996948, 0.0
0.3282212, 0.27619243
0.09498416, -0.1281375, -1.15329337
0.0, 1.0, 0.0
0.35735601, 0.27619237
0.00169683, -0.03647263, -1.12696767
0.0, -1.0, 0.0
0.3282212, 0.31898272
0.40135074, 0.00035185, 0.16413498
0.59035003, 0.73680836, -0.32947782
0.20693956, 0.32097787
0.41506445, -0.00689268, 0.17250589
0.93279827, 0.2870571, -0.21774957
0.20263396, 0.32915074
0.41030714, -0.01612115, 0.16413498
0.61320841, 0.3334147, -0.71605581
0.20956121, 0.3303656
0.40059054, 0.00119763, 0.21202806
0.46815392, 0.88357186, -0.0093997
0.18113326, 0.32107031
0.41535652, 0.02833324, 0.19777596
-0.81966615, 0.56520277, -0.09311197
0.23970364, 0.31541991
0.41430423, -0.00604688, 0.21241428
-0.17572558, -0.38108462, -0.90765101
0.22188602, 0.32344556
0.40059054, 0.00119763, 0.21202806
-0.89458907, 0.32660908, -0.30497146
0.22793774, 0.32877654
0.40211985, -0.01101872, 0.23825637
0.55699331, 0.27765739, 0.78270823
0.22917549, 0.34423804
0.40929022, -0.01498975, 0.22199221
0.90731531, -0.06363109, 0.41554004
0.23891799, 0.34423804
0.41430423, -0.00604688, 0.21241428
0.8931852, -0.25150305, 0.37272257
0.24357019, 0.33846027
0.41030714, -0.01612115, 0.16413498
0.87948239, -0.47514269, 0.02630696
0.20719044, 0.33450818
0.41430423, -0.00604688, 0.21241428
0.99389631, 0.10904264, 0.01504563
0.18112747, 0.32913524
0.40929022, -0.01498975, 0.22199221
0.88302255, -0.46864223, 0.02465896
0.17601304, 0.33450818
0.44148195, 0.02108868, 0.1981622
0.43137914, 0.0, 0.90215766
0.18509322, 0.36290812
0.40708205, 0.03842675, 0.19777596
-0.01120029, 0.0, 0.99990845
0.1672101, 0.35389531
0.40708205, 0.02108868, 0.19777596
-0.01120029, 0.0, 0.99990845
0.16721004, 0.36290801
0.42946324, 0.03842675, 0.19782701
0.25418866, 0.52406383, 0.81282997
0.24843107, 0.31315386
0.42907023, 0.02108868, 0.1981622
0.84682763, -0.04953154, 0.52952665
0.25028902, 0.3219772
0.44975644, 0.01281415, 0.1901775
0.69017607, -0.69103062, -0.21463668
0.19117612, 0.36720943
0.39880747, 0.0467013, 0.18979126
-0.68932158, 0.68977934, -0.22135074
0.21766162, 0.34959424
0.44975644, 0.0467013, 0.1901775
0.69017607, 0.69106114, -0.21463668
0.19117624, 0.34959412
0.40708205, 0.03842675, 0.19777596
-0.005768, 0.69237339, 0.72148806
0.21332669, 0.34353518
0.44148195, 0.03842675, 0.19816223
-0.00802637, 0.69850767, 0.71553695
0.19544363, 0.34348726
0.44148195, 0.03842675, 0.19816223
0.43137914, 0.0, 0.90215766
0.18509322, 0.35389543
0.40708205, 0.02108868, 0.19777596
-0.69438767, 0.0, 0.71959591
0.22374451, 0.36290836
0.40708205, 0.03842675, 0.19777596
-0.69438767, 0.0, 0.71959591
0.22374457, 0.35389555
0.40708205, 0.02108868, 0.19777596
-0.005768, -0.69237339, 0.72148806
0.21332651, 0.3732686
0.44148195, 0.02108868, 0.1981622
-0.00802637, -0.69850767, 0.71553695
0.19544345, 0.37331641
0.13615769, -0.27000979, 1.2401495
-0.63173312, -0.29023102, 0.71877193
0.39307958, 0.08121693
0.13615769, -0.2224614, 1.20022607
-1.0, 0.0, 0.0
0.38152641, 0.06793904
0.13615769, -0.31138232, 1.20022607
-1.0, 0.0, 0.0
0.38152629, 0.0927701
0.1775303, -0.17491299, 1.24014926
0.70708334, 0.0, 0.70708334
0.40463278, 0.05466121
0.13615769, -0.17491299, 1.24014926
0.0, 0.31620228, 0.94866788
0.39307958, 0.05466127
0.13615769, -0.2224614, 1.24014926
-0.31620228, 0.0, 0.94866788
0.39307955, 0.06793898
0.1775303, -0.17491299, 1.20022583
0.70708334, 0.0, -0.70708334
0.41618589, 0.05466121
0.13615769, -0.27000979, 1.20022607
0.0, 0.70708334, -0.70708334
0.42773947, 0.08121681
0.13615769, -0.17491299, 1.20022583
-0.44718772, 0.0, -0.89440596
0.42773932, 0.05466121
0.1775303, -0.31138232, 1.20022607
0.42350537, -0.88091677, 0.21118808
0.40463275, 0.09755552
0.13615769, -0.31138232, 1.20022607
-0.42350537, -0.88091677, 0.21118808
0.39307958, 0.09755552
0.1775303, -0.07148147, 1.24014926
0.57734919, 0.57734919, 0.57734919
0.40463275, 0.02577817
0.13615769, -0.07148147, 1.20022583
0.0, 0.99996948, 0.0
0.39307958, 0.01422489
0.1775303, -0.07148147, 1.20022583
0.0, 1.0, 0.0
0.40463275, 0.01422489
0.13615769, -0.07148147, 1.24014926
0.0, 0.70708334, 0.70708334
0.39307961, 0.02577811
0.13615769, -0.17491299, 1.24014926
-0.99996948, 0.0, 0.0
0.43929249, 0.05466121
0.13615769, -0.07148147, 1.20022583
-0.70708334, 0.0, -0.70708334
0.42773929, 0.02577811
0.1775303, -0.07148147, 1.20022583
0.70708334, 0.0, -0.70708334
0.416186, 0.02577811
0.1775303, -0.31138232, 1.20022607
1.0, 0.0, 0.0
0.41618603, 0.0927701
0.1775303, -0.27000979, 1.20022607
0.8164922, 0.4082461, -0.4082461
0.41618603, 0.08121693
0.1775303, -0.27000979, 1.2401495
0.63173312, -0.29023102, 0.71877193
0.40463278, 0.08121687
0.00169683, -0.2224614, 1.24014926
0.0, -1.0, 0.0
0.35553163, 0.01827693
0.13615769, -0.2224614, 1.20022607
0.0, -0.70708334, -0.70708334
0.39307961, 0.02983022
0.13615769, -0.2224614, 1.24014926
0.0, -1.0, 0.0
0.39307958, 0.01827693
0.13615769, -0.17491299, 1.20022583
0.0, 0.70708334, -0.70708334
0.39307958, 0.04310799
0.00169683, -0.17491299, 1.24014926
0.0, 0.70708334, 0.70708334
0.35553166, 0.05466121
0.00169683, -0.2224614, 1.20022607
0.0, -0.70708334, -0.70708334
0.35553166, 0.02983016
0.1775303, -0.27000979, 1.08045578
0.20712912, -0.92468029, -0.31940672
0.40463272, 0.13409013
0.1775303, -0.27000979, 1.18026423
1.0, 0.0, 0.0
0.41376644, 0.10668921
0.1775303, -0.27000979, 1.20022607
1.0, 0.0, 0.0
0.41559321, 0.1012091
0.13615769, -0.27000979, 1.18026423
-1.0, 0.0, 0.0
0.383946, 0.10668921
0.13615769, -0.27000979, 1.20022607
-1.0, 0.0, 0.0
0.38211924, 0.10120904
0.13615769, -0.27000979, 1.18026423
0.0, 1.0, 0.0
0.42773932, 0.08699346
0.28096175, -0.27000979, 1.18026423
0.0, -1.0, 0.0
0.92130202, 0.01771933
-0.43478423, -0.17491299, -1.09442496
0.0, 0.0, 1.0
0.29875931, 0.62159666
-0.45547059, -0.27834451, -1.09442496
-0.57734919, -0.57734919, 0.57734919
0.30536091, 0.58858714
-0.41539088, -0.27834451, -1.09442496
0.0, 0.0, 1.0
0.29256976, 0.58858725
-0.39889979, -0.00114805, 0.39776349
-0.89074373, 0.45445111, 0.0
0.2312953, 0.93309327
-0.29019129, 0.21192102, 0.17942077
-0.89074373, 0.45445111, 0.0
0.29446191, 0.99830631
-0.43478411, -0.07148147, 0.1656418
-0.9722892, 0.23368023, 0.0
0.30622348, 0.91156664
-0.43478423, -0.07148147, -0.40669522
-0.9722892, 0.23368023, 0.0
0.4864299, 0.91156664
-0.29019117, 0.21192102, 0.1656418
-0.89074373, 0.45445111, 0.0
0.29880035, 0.99830634
-0.29019129, 0.21192078, -0.46750447
-0.89074373, 0.45445111, 0.0
0.49815324, 0.99830631
-0.43478423, -0.07148147, -0.75203341
-0.9722892, 0.23368023, 0.0
0.5951634, 0.91156664
-0.43478423, -0.07148147, -0.68216723
-0.89074373, 0.45445111, 0.0
0.5731653, 0.91156667
-0.39362288, 0.0091951, -0.68216723
-0.89074373, 0.45445111, 0.0
0.57105201, 0.93625898
-0.41345158, -0.28868777, -0.79195708
-0.98284858, -0.18427075, 0.0
0.60677177, 0.84467208
-0.43478423, -0.17491299, -1.09442496
-0.9956969, -0.09253212, 0.0
0.70302206, 0.87974405
-0.41539088, -0.27834442, -1.15430951
-0.98284858, -0.18427075, 0.0
0.72095472, 0.84786043
-0.40375483, -0.3300603, 0.39776349
-0.98055971, -0.19611195, 0.0
0.23170875, 0.82873029
-0.43478411, -0.17491299, 0.1656418
-0.99511701, -0.09851375, 0.0
0.30627665, 0.87974399
-0.40375483, -0.3300603, 0.1656418
-0.98055971, -0.19611195, 0.0
0.3047947, 0.82873029
-0.43478411, -0.17491299, 0.39776349
-0.99511701, -0.09851375, 0.0
0.2331907, 0.87974394
-0.43478411, -0.17491299, 0.90079981
-0.99685657, -0.07892086, 0.0
0.07480441, 0.87974396
-0.43478411, -0.0714815, 1.08045578
-0.90789515, 0.40565202, 0.10544145
0.01818476, 0.91156659
-0.43478411, -0.1294031, 0.87085718
-1.0, 0.0, 0.0
0.08420883, 0.89374593
-0.43478411, -0.10871681, 0.82694119
-1.0, 0.0, 0.0
0.09802552, 0.90011047
-0.43478411, -0.07148147, 0.46762943
-0.9722892, 0.23368023, 0.0
0.21113949, 0.91156664
-0.43478411, -0.10871681, 0.64728552
-1.0, 0.0, 0.0
0.15459207, 0.90011047
-0.43478411, -0.07148147, 0.84690291
-0.97140414, 0.23731193, 0.00558489
0.09172123, 0.91156662
-0.43478411, -0.07148147, 0.39776349
-0.9722892, 0.23368023, 0.0
0.23313759, 0.91156664
-0.43478411, -0.1294031, 0.59738094
-0.99996948, 0.0, 0.0
0.17031561, 0.89374596
-0.43478411, -0.17491299, 0.55745733
-0.99722284, -0.07415998, 0.0
0.18290937, 0.87974399
-0.40375483, -0.3300603, 0.52751499
-0.98055971, -0.19611195, 0.0
0.19085516, 0.82873029
-0.39362288, 0.0091951, -0.76201421
-0.89074373, 0.45445111, 0.0
0.59619272, 0.93625898
-0.40945411, -0.02183429, -1.11034679
-0.89074373, 0.45445111, 0.0
0.70668167, 0.92676197
-0.43478435, -0.07148147, -1.12460518
-0.9808954, 0.19446394, 0.0
0.71247154, 0.9115667
-0.27963707, -0.00641143, -1.11833429
-0.60429698, 0.62099063, -0.49913022
0.61354971, 0.36197978
-0.27963707, 0.0091951, -0.72209078
-0.04965362, 0.99755853, -0.0486465
0.61354971, 0.23381764
-0.40945411, -0.02183429, -1.11034679
0.0, 0.70635092, -0.70781577
0.65765721, 0.36534852
-0.39362288, 0.0091951, -0.76201421
0.01391644, 0.99865717, -0.04983672
0.65240949, 0.2455554
-0.27963707, -0.02183429, -1.11034679
-0.85897398, 0.39515367, -0.32551041
0.61741489, 0.36578834
-0.27963707, 0.0091951, -0.72209078
-0.00311289, 0.99865717, -0.05154576
0.61741489, 0.23381764
-0.39362288, 0.0091951, -0.68216723
0.0, 1.0, 0.0
0.65240949, 0.21976107
-0.27963707, -0.17491299, -1.16672707
-0.6349681, 0.21323283, -0.74248481
0.61354971, 0.41647822
-0.09159049, -0.1281375, -1.15329337
0.0, 0.27600941, -0.96111941
0.55536294, 0.40230262
-0.27963707, -0.17491299, -1.15430951
-0.76235235, 0.17862484, -0.62199771
0.61741489, 0.41529864
-0.43478435, -0.07148147, -1.12460518
0.0, 0.27600941, -0.96111941
0.66568488, 0.38132012
-0.39889979, -0.00114805, 0.39776349
-0.25540942, 0.7556383, 0.6031068
0.74279571, 0.97349664
-0.26950485, 0.21192102, 0.1856036
-0.18723105, 0.76265752, 0.61906797
0.78462005, 0.87863848
-0.29019129, 0.21192102, 0.17942077
-0.1899472, 0.74825281, 0.63560897
0.77805632, 0.87704481
-0.16265875, 0.21192102, 0.21289636
-0.11551256, 0.77797782, 0.61754203
0.81837821, 0.88562051
-0.23619561, -0.00114799, 0.46762943
-0.1587878, 0.77108067, 0.61659598
0.79537129, 0.99141224
-0.39362288, 0.0091951, -0.68216723
-0.22476882, 0.74303412, -0.63035983
0.99307895, 0.83066556
-0.26950485, 0.21192078, -0.48746637
-0.19342631, 0.75472271, -0.62685019
0.95330137, 0.74192706
-0.27963707, 0.0091951, -0.72209078
-0.15051728, 0.75093842, -0.64296395
0.95660192, 0.84065843
-0.15850377, 0.21192078, -0.50297838
-0.07678457, 0.76006347, -0.64525282
0.91853809, 0.74583212
-0.41585359, -0.04656725, 1.08045554
-0.0458388, 0.95818967, 0.28235725
0.01721914, 0.91917242
-0.41694748, -0.07148147, 1.12037897
-0.75017548, 0.56999421, 0.33515427
0.00471677, 0.91151056
-0.24653868, -0.0321775, 0.84690279
-0.38566241, 0.9180578, 0.09167761
0.06308908, 0.54518417
-0.24653868, -0.00114799, 0.46762943
0.0, 0.99914551, 0.04080325
0.06308909, 0.42420089
-0.39889979, -0.00114799, 0.46762943
0.0, 0.99914551, 0.04080325
0.01616598, 0.42420089
-0.39889979, -0.03217747, 0.84690291
0.70030826, 0.70754111, 0.09442427
0.08972792, 0.93117641
-0.3990801, -0.06574363, 1.08045578
0.72969759, 0.63826412, 0.24515519
0.01597117, 0.92677476
-0.41694748, -0.07148147, 1.12037897
0.69109166, 0.60448009, 0.39616078
0.00296294, 0.92235807
-0.39889979, -0.00114805, 0.39776349
0.0, 1.0, 0.0
0.01616592, 0.40192425
-0.23619561, -0.00114799, 0.46762943
-0.01080355, 0.99810785, 0.06021302
0.06627454, 0.42420089
-0.23619561, -0.02183433, 0.84690279
-0.38038272, 0.92181158, 0.07434309
0.06627454, 0.54516658
-0.23619561, -0.05079518, 1.12037897
-0.50791955, 0.85622728, 0.09402753
0.06627454, 0.63241324
-0.24653868, -0.07148147, 1.12037897
-0.50163275, 0.8562578, 0.12305063
0.06308909, 0.63244843
-0.39889979, -0.00114799, 0.46762943
-0.88518935, 0.46516311, 0.00073244
0.20929722, 0.93309327
-0.40945411, -0.02183433, 0.84690291
-0.16067995, 0.98425245, 0.07358012
0.0904208, 0.92676189
-0.39889979, -0.03217747, 0.84690291
0.69872129, 0.71297342, 0.05832087
0.09010455, 0.9312187
-0.16265875, 0.21192102, 0.21289636
-0.05822932, 0.8863796, 0.45927304
0.01819234, 0.04583907
0.00169683, 0.21192102, 0.23374139
-0.05822932, 0.8863796, 0.45927304
0.0116862, 0.09541368
-0.26950485, 0.21192102, 0.1856036
-0.12494278, 0.88091677, 0.45643482
0.02671921, 0.01351279
-0.16265875, 0.2222641, 0.1929346
-0.04834132, 0.96835232, 0.24472792
0.02516763, 0.04593426
-0.26950485, 0.2222641, 0.1656418
-0.2070986, 0.96285897, 0.17316203
0.03369247, 0.01370573
-0.29019129, 0.21192102, 0.17942077
-0.13620411, 0.87960446, 0.45576343
0.02862125, 0.0072639
-0.29019117, 0.21192102, 0.1656418
-0.44718772, 0.89440596, 0.0
0.03369113, 0.00672978
-0.29019129, 0.21192102, 0.17942077
-0.44718772, 0.89440596, 0.0
0.02938431, 0.00673068
-0.29019129, 0.21192078, -0.46750447
-0.44718772, 0.89440596, 0.0
0.23159413, 0.00669229
-0.29019129, 0.21192078, -0.47748533
-0.44718772, 0.89440596, 0.0
0.23471384, 0.00669169
-0.26950485, 0.2222641, -0.46750471
-0.20377208, 0.96038699, -0.19000824
0.23159544, 0.01366812
-0.26950485, 0.21192078, -0.48746637
-0.12698752, 0.88067263, -0.45631275
0.2385705, 0.01356047
-0.29019129, 0.21192078, -0.47748533
-0.21668142, 0.8667562, -0.44911039
0.23568164, 0.00721073
-0.15850377, 0.2222641, -0.48301682
-0.0267037, 0.97018343, -0.24079104
0.23645048, 0.04714775
-0.15850377, 0.21192078, -0.50297838
-0.0361034, 0.88729513, -0.45976135
0.24342607, 0.04708648
-0.23619561, -0.07148147, 1.12037897
-0.10318308, 0.0, 0.99465925
0.3916223, 0.44346732
-0.23619561, -0.05079518, 1.12037897
-0.15909299, 0.0, 0.98724324
0.3916223, 0.43686539
-0.24653868, -0.07148147, 1.12037897
0.0, 0.0, 1.0
0.38832137, 0.44346732
-0.39911079, -0.07148147, 1.12037897
0.0, 0.98980683, 0.14224677
0.01610095, 0.63244838
-0.3990801, -0.06574363, 1.08045578
0.0, 0.98980683, 0.14224677
0.01611049, 0.6197091
-0.41694748, -0.07148147, 1.12037897
0.0, 0.98980683, 0.14224677
0.01060773, 0.63244838
-0.39889979, -0.03217747, 0.84690291
0.0, 0.99368268, 0.11194189
0.01616598, 0.54518425
-0.41694748, -0.17491299, 1.12037897
-0.54408401, 0.0, 0.83901489
0.33393696, 0.47647655
-0.43478411, -0.0714815, 1.08045578
-0.9129917, 0.0, 0.40791041
0.3195585, 0.4434672
-0.43478411, -0.17491299, 1.08045554
-0.9129917, 0.0, 0.40791041
0.3195585, 0.47647655
-0.23619561, -0.17491299, 1.12037897
-0.10318308, 0.0, 0.99465925
0.39162228, 0.47647655
-0.41694748, -0.07148147, 1.12037897
-0.54408401, 0.0, 0.83901489
0.33393696, 0.4434672
-0.45547059, -0.27000979, 1.08045578
-0.70708334, 0.0, -0.70708334
0.29892251, 0.54811952
-0.45547059, -0.17491299, 1.14034057
-0.71568954, 0.62877285, 0.30393383
0.31746063, 0.51717862
-0.45547059, -0.17491299, 1.08045554
-0.57734919, 0.57734919, -0.57734919
0.29776284, 0.51793534
-0.45547059, -0.27000979, 1.14034081
-0.92040771, 0.0, 0.39088106
0.31862035, 0.54736277
-0.41409767, -0.17491299, 1.18026423
-0.29023102, 0.63173312, 0.71877193
0.33603185, 0.51646522
-0.43478411, -0.17491299, 1.08045554
0.0, 0.0, -0.99996948
0.29119691, 0.51818758
-0.2775681, -0.27000979, 1.18026423
0.0, 0.0, 1.0
0.38052678, 0.54498437
-0.41409767, -0.27000979, 1.18026423
-0.37443158, 0.0, 0.92724389
0.33719158, 0.54664928
-0.23619561, -0.27000979, 1.18026423
-0.08359019, 0.0, 0.99649036
0.39125243, 0.54531884
-0.23619561, -0.17491299, 1.18026423
-0.03659169, 0.89904475, 0.43629262
0.392499, 0.5142957
-0.23619561, -0.17491299, 1.12037897
0.0, 1.0, 0.0
0.3917422, 0.49459785
-0.41694748, -0.17491299, 1.12037897
0.0, 1.0, 0.0
0.32095334, 0.5037359
-0.41694748, -0.17491299, 1.12037897
0.0, 1.0, 0.0
0.31042495, 0.50520349
-0.43478411, -0.17491299, 1.08045554
0.0, 1.0, 0.0
0.29751056, 0.51136947
-0.2775681, -0.17491299, 1.18026423
0.0, 0.89440596, 0.44718772
0.37936708, 0.51480022
-0.41694748, -0.17491299, 1.12037897
0.0, 1.0, 0.0
0.33437061, 0.49680203
-0.41409791, -0.27834451, 0.91477305
-0.98055971, -0.19611195, 0.0
0.06941684, 0.84785631
-0.43478411, -0.17491299, 1.08045554
-0.99511701, -0.09851375, 0.0
0.01823793, 0.87974396
-0.43478423, -0.1294031, -0.45659944
-1.0, 0.0, 0.0
0.50217265, 0.89374596
-0.43478423, -0.17491299, -0.40669522
-0.99725336, -0.07400738, 0.0
0.48648313, 0.87974399
-0.43478423, -0.07148147, -0.7061215
-1.0, 0.0, 0.0
0.58070749, 0.91156667
-0.43478423, -0.12940305, -0.7061215
-0.99996948, 0.0, 0.0
0.58073729, 0.89374599
-0.43478423, -0.17491299, -0.75203341
-0.99795526, -0.06366161, 0.0
0.59521657, 0.87974402
-0.43478435, -0.07148147, -0.76201421
-0.9722892, 0.23368023, 0.0
0.59830588, 0.91156666
-0.40375483, -0.3300603, -0.38673356
-0.98055971, -0.19611195, 0.0
0.47872129, 0.82873029
-0.43478435, -0.27834442, -1.19423342
-0.41300699, -0.60673851, -0.67915893
0.3399289, 0.58858681
-0.2775681, -0.17491299, -1.19423342
0.0, 0.89440596, -0.44718772
0.3901037, 0.62159586
-0.2775681, -0.27834466, -1.19423342
0.0, -0.89440596, -0.44718772
0.39010358, 0.58858639
-0.43478435, -0.17491299, -1.19423342
-0.41300699, 0.60673851, -0.67915893
0.3399291, 0.62159631
-0.45547059, -0.27834442, -1.15430951
-0.73201698, -0.65749079, -0.17838068
0.32516667, 0.58858696
-0.45547059, -0.17491299, -1.15430951
-0.73201698, 0.65749079, -0.17838068
0.32516694, 0.62159654
-0.45547059, -0.17491299, -1.09442496
-0.57734919, 0.57734919, 0.57734919
0.30536118, 0.6215966
-0.43478435, -0.17491299, -1.15430951
0.0, 1.0, 0.0
0.32811937, 0.62750125
-0.43478435, -0.17491299, -1.15430951
0.0, 0.99996948, 0.0
0.32516697, 0.6281983
-0.27963707, -0.17491299, -1.16672707
0.0, 1.0, 0.0
0.38944349, 0.63069311
-0.43478435, -0.17491299, -1.15430951
0.0, 1.0, 0.0
0.33992931, 0.63480017
-0.27963707, -0.17491299, -1.15430951
0.0, 1.0, 0.0
0.38944358, 0.63479978
-0.43478423, -0.07148147, -0.46750471
-0.89074373, 0.45445111, 0.0
0.50557643, 0.91156664
-0.29019129, 0.21192078, -0.47748533
-0.89074373, 0.45445111, 0.0
0.5012958, 0.99830631
-0.21111353, -0.10871681, 0.64728552
-0.66566974, -0.73186439, 0.14566484
0.95740223, 0.12446064
-0.43478411, -0.10871681, 0.82694119
0.0, -0.97585988, -0.21832941
0.99614578, 0.15670967
-0.43478411, -0.10871681, 0.64728552
0.0, -0.98074281, 0.19519639
0.9961459, 0.12446058
-0.21111353, -0.17491299, 0.55745733
0.0, -0.43977171, 0.89806819
0.95740223, 0.10415888
-0.43478411, -0.1294031, 0.59738094
0.0, -0.81279945, 0.58250678
0.9961459, 0.11481261
-0.43478411, -0.17491299, 0.55745733
0.0, -0.45573291, 0.89010286
0.99614584, 0.10415888
-0.21111353, -0.17491299, 0.90079981
0.0, -0.35047457, -0.93655205
0.95740205, 0.17490995
-0.41409791, -0.27834451, 0.91477305
0.0, -0.13385418, -0.99099702
0.99256241, 0.19300079
-0.43478411, -0.17491299, 0.90079981
0.0, -0.36460462, -0.93115026
0.99614578, 0.17490995
-0.21111353, -0.10871681, 0.82694119
-0.66109192, -0.73216957, -0.16379283
0.95740217, 0.15670967
-0.43478411, -0.1294031, 0.87085718
0.0, -0.75539416, -0.65526289
0.99614578, 0.16536891
-0.21111353, -0.1294031, 0.59738094
0.0, -0.81279945, 0.58250678
0.95740223, 0.11481249
-0.40375483, -0.3300603, 0.52751499
0.0, -0.18948942, 0.98187202
0.99077111, 0.07675248
-0.21111353, -0.1294031, 0.87085718
0.0, -0.75539416, -0.65526289
0.95740217, 0.16536885
-0.21111353, -0.27834451, 0.91477305
-1.0, 0.0, 0.0
0.9280197, 0.1724757
-0.22662829, -0.17491299, -0.40669522
0.0, -0.46150091, -0.88711202
0.95760459, 0.52860641
-0.40375483, -0.3300603, -0.38673356
0.0, -0.12759788, -0.99182105
0.98828578, 0.55749521
-0.43478423, -0.17491299, -0.40669522
0.0, -0.48298594, -0.87560654
0.99366063, 0.52860641
-0.22662829, -0.17491299, -0.75203341
0.0, -0.53425705, 0.84530169
0.95760453, 0.4604789
-0.43478423, -0.12940305, -0.7061215
0.0, -0.92471081, 0.38062686
0.99366069, 0.47188342
-0.43478423, -0.17491299, -0.75203341
0.0, -0.54567093, 0.83797723
0.99366069, 0.4604789
-0.22662829, -0.12940305, -0.7061215
-0.63060397, -0.71764272, 0.29538864
0.95760453, 0.47188348
-0.43478423, -0.1294031, -0.45659944
0.0, -0.932432, -0.36130863
0.99366063, 0.51667368
-0.41345158, -0.28868777, -0.79195708
0.0, -0.33109531, 0.94357127
0.98996544, 0.43950862
-0.22662829, -0.1294031, -0.45659944
-0.63408309, -0.72099978, -0.27936643
0.95760453, 0.51667365
-0.22662829, -0.3300603, -0.38673356
-1.0, 0.0, 0.0
0.92105561, 0.52921498
-0.41539088, -0.27834442, -1.15430951
0.0, -1.0, 0.0
0.33088687, 0.57714611
-0.41539088, -0.27834442, -1.15430951
0.0, -1.0, 0.0
0.32516655, 0.5757958
-0.41539088, -0.27834442, -1.15430951
0.0, -1.0, 0.0
0.34611812, 0.57538301
-0.23619561, -0.27834466, -1.19423342
0.0, -0.89440596, -0.44718772
0.40330702, 0.5885863
-0.41539088, -0.27834442, -1.15430951
-0.00018311, -0.99957275, -0.02829066
0.95809388, 0.53758669
-0.41345158, -0.28868777, -0.79195708
0.0, -0.99957275, -0.02850429
0.95809388, 0.63393685
-0.22662829, -0.3300603, -0.38673356
0.0, -0.99481183, -0.1015656
0.90999734, 0.54169244
-0.40375483, -0.3300603, 0.52751499
0.0, -1.0, 0.0
0.95553476, 0.43591821
-0.40375483, -0.3300603, -0.38673356
0.0, -1.0, 0.0
0.95553565, 0.19200689
-0.21111353, -0.3300603, 0.52751499
0.0, -0.99118012, 0.13235877
0.90645409, 0.0868724
-0.21111353, -0.27834451, 0.91477305
0.0, -0.99118012, 0.13235877
0.90645415, 0.19200641
-0.41409791, -0.27834451, 0.91477305
0.0, -0.9987182, 0.05023347
0.74672747, 0.08687252
0.00169683, -0.27834451, 0.91477305
0.0, -0.9987182, 0.05023347
0.85116041, 0.08687252
-0.41576493, -0.27000979, 1.08045578
0.0, -0.99984741, 0.01666311
0.7463088, 0.0436976
-0.45547059, -0.27000979, 1.14034081
0.0, -1.0, 0.0
0.73633617, 0.02811068
-0.45547059, -0.27000979, 1.08045578
0.0, -1.0, 0.0
0.73633617, 0.04369766
-0.25916189, 0.30500931, -0.15374628
-0.50306714, 0.70027775, -0.50645465
0.49028236, 0.04575884
-0.25916189, 0.30500931, -0.05393742
-0.50306714, 0.70027775, 0.50645465
0.49028236, 0.07876807
-0.25916189, 0.2222641, -0.05393742
0.0, -0.23450422, 0.9721061
0.49028236, 0.10598826
-0.26950485, 0.26363671, -0.0439565
0.0, 0.0, 1.0
0.48698145, 0.0923782
-0.26950485, 0.26363671, -0.1637271
0.0, 0.0, -1.0
0.48698145, 0.03214872
-0.25916189, 0.2222641, -0.15374628
0.0, -0.23450422, -0.9721061
0.49028236, 0.01853865
-0.26950485, 0.26363671, -0.1637271
-0.99996948, 0.0, 0.0
0.47667226, 0.04245788
-0.26950485, 0.26363671, -0.0439565
-1.0, 0.0, 0.0
0.47667226, 0.0820691
-0.25916189, 0.2222641, -0.05393742
-0.9701224, -0.2425306, 0.0
0.46306223, 0.07876807
-0.25916189, 0.2222641, -0.15374628
-0.9701224, -0.2425306, 0.0
0.46306223, 0.04575884
-0.2775681, -0.27000979, 1.18026423
-1.0, 0.0, 0.0
0.30523187, 0.35881132
-0.2775681, -0.17491299, 1.20022583
-0.57734919, 0.57734919, 0.57734919
0.31060275, 0.33412099
-0.2775681, -0.17491299, 1.18026423
-1.0, 0.0, 0.0
0.30523184, 0.33412093
-0.23619561, -0.17491299, 1.18026423
0.0, 1.0, 0.0
0.32134455, 0.32875001
-0.2775681, -0.17491299, 1.18026423
0.0, 1.0, 0.0
0.31060272, 0.32875001
-0.23619561, -0.17491299, 1.20022583
0.57734919, 0.57734919, 0.57734919
0.32134455, 0.33412099
-0.23619561, -0.27000979, 1.18026423
1.0, 0.0, 0.0
0.32671541, 0.35881132
-0.23619561, -0.17491299, 1.18026423
1.0, 0.0, 0.0
0.32671541, 0.33412093
-0.23619561, -0.27000979, 1.20022607
0.57734919, -0.57734919, 0.57734919
0.32134455, 0.35881132
-0.2775681, -0.27000979, 1.18026423
0.0, -1.0, 0.0
0.31060272, 0.36418223
-0.23619561, -0.27000979, 1.18026423
0.0, -1.0, 0.0
0.32134455, 0.36418223
-0.23619561, -0.17491299, -1.19423342
0.0, 0.89440596, -0.44718772
0.40330765, 0.62159577
-0.2775681, -0.27834451, -1.21419501
-0.57734919, -0.57731867, -0.57734919
0.34597135, 0.40066612
-0.23619561, -0.27834466, -1.19423342
0.0, -1.0, 0.0
0.33521807, 0.40604275
-0.2775681, -0.27834466, -1.19423342
0.0, -1.0, 0.0
0.34597135, 0.40604275
-0.2775681, -0.17491299, -1.19423342
-1.0, 0.0, 0.0
0.35134792, 0.37378299
-0.2775681, -0.27834466, -1.19423342
-1.0, 0.0, 0.0
0.35134792, 0.40066612
-0.23619561, -0.27834451, -1.21419501
0.57734919, -0.57731867, -0.57734919
0.33521807, 0.40066612
-0.23619561, -0.17491299, -1.19423342
1.0, 0.0, 0.0
0.32984143, 0.37378299
-0.23619561, -0.27834466, -1.19423342
1.0, 0.0, 0.0
0.32984143, 0.40066612
-0.23619561, -0.17491299, -1.21419501
0.57734919, 0.57734919, -0.57734919
0.33521807, 0.37378299
-0.2775681, -0.17491299, -1.19423342
0.0, 1.0, 0.0
0.34597135, 0.36840636
-0.23619561, -0.17491299, -1.19423342
0.0, 1.0, 0.0
0.33521807, 0.36840636
-0.2775681, -0.17491299, -1.21419501
-0.57734919, 0.57734919, -0.57734919
0.34597135, 0.37378299
-0.09159049, -0.03647263, -1.10700607
0.5640431, -0.49678031, -0.65956604
0.29908636, 0.31252193
-0.09159049, -0.03647263, -1.12696815
0.99996948, 0.0, 0.0
0.29289424, 0.31105876
-0.09159049, -0.1281375, -1.13333178
0.59349346, 0.64284188, -0.48420668
0.29908645, 0.28265297
-0.09159049, -0.1281375, -1.15329337
1.0, 0.0, 0.0
0.2928943, 0.28081
-0.09159049, -0.1281375, -1.15329337
0.0, 1.0, 0.0
0.29908639, 0.27619231
-0.09159049, -0.03647263, -1.12696815
0.0, -1.0, 0.0
0.29908639, 0.31936222
-0.39795709, 0.00035185, 0.16413498
-0.59035003, 0.73680836, -0.32947782
0.09269653, 0.33486724
-0.40691349, -0.01612115, 0.16413498
-0.61320841, 0.3334147, -0.71605581
0.09528451, 0.32547021
-0.4116708, -0.00689268, 0.17250589
-0.93279827, 0.2870571, -0.21774957
0.08836167, 0.32670987
-0.39719686, 0.00119763, 0.21202806
-0.46815392, 0.88357186, -0.0093997
0.06689005, 0.33486724
-0.41091058, -0.00604688, 0.21241428
0.17572558, -0.38108462, -0.90765101
0.03831645, 0.34638935
-0.41196287, 0.02833324, 0.19777596
0.81966615, 0.56520277, -0.09311197
0.03999539, 0.32691985
-0.39719686, 0.00119763, 0.21202806
0.89458907, 0.32660908, -0.30497146
0.03128352, 0.3424421
-0.39872617, -0.01101872, 0.23825637
-0.55699331, 0.27765739, 0.78270823
0.0162833, 0.34638935
-0.41091058, -0.00604688, 0.21241428
-0.8931852, -0.25150305, 0.37272257
0.01697334, 0.33089381
-0.40589657, -0.01498975, 0.22199221
-0.90731531, -0.06363109, 0.41554004
0.01306006, 0.33719546
-0.41091058, -0.00604688, 0.21241428
-0.99389631, 0.10907315, 0.01504563
0.06685536, 0.32680237
-0.40691349, -0.01612115, 0.16413498
-0.87948239, -0.47514269, 0.02630696
0.09289889, 0.32133615
-0.40589657, -0.01498975, 0.22199221
-0.88302255, -0.46864223, 0.02465896
0.06172167, 0.32144785
-0.4036884, 0.03842675, 0.19777596
0.01120029, 0.0, 0.99990845
0.10521811, 0.35389537
-0.4380883, 0.02108868, 0.1981622
-0.43137914, 0.0, 0.90215766
0.08733498, 0.36290807
-0.4036884, 0.02108868, 0.19777596
0.01120029, 0.0, 0.99990845
0.10521811, 0.36290807
-0.42606953, 0.03842675, 0.19782701
-0.25418866, 0.52406383, 0.81282997
0.03924646, 0.31793422
-0.42567655, 0.02108868, 0.1981622
-0.84682763, -0.04953154, 0.52952665
0.03030523, 0.31909996
-0.39541379, 0.0467013, 0.18979126
0.68932158, 0.68977934, -0.22135074
0.05476665, 0.349594
-0.44636279, 0.01281415, 0.1901775
-0.69017607, -0.69103062, -0.21463668
0.08125197, 0.36720937
-0.44636279, 0.0467013, 0.1901775
-0.69017607, 0.69106114, -0.21463668
0.08125203, 0.34959406
-0.4036884, 0.03842675, 0.19777596
0.005768, 0.69237339, 0.72148806
0.05910157, 0.34353501
-0.4380883, 0.03842675, 0.19816223
0.00802637, 0.69850767, 0.71553695
0.0769847, 0.34348714
-0.4036884, 0.02108868, 0.19777596
0.69435716, 0.0, 0.71959591
0.04868364, 0.36290807
-0.4036884, 0.03842675, 0.19777596
0.69438767, 0.0, 0.71959591
0.04868364, 0.35389531
-0.4036884, 0.02108868, 0.19777596
0.005768, -0.69237339, 0.72148806
0.05910157, 0.37326843
-0.39541379, 0.01281415, 0.18979126
0.68932158, -0.68977934, -0.22135074
0.05476659, 0.36720937
-0.2775681, -0.27000979, 1.20022607
-0.57734919, -0.57734919, 0.57734919
0.31060275, 0.35881132
-0.13276401, -0.2224614, 1.20022607
1.0, 0.0, 0.0
0.32953686, 0.06793904
-0.13276401, -0.27000979, 1.2401495
0.63173312, -0.29023102, 0.71877193
0.31798357, 0.08121693
-0.13276401, -0.31138232, 1.20022607
1.0, 0.0, 0.0
0.32953686, 0.0927701
-0.13276401, -0.2224614, 1.24014926
0.31620228, 0.0, 0.94866788
0.3179836, 0.06793898
-0.17413665, -0.17491299, 1.24014926
-0.70708334, 0.0, 0.70708334
0.30643031, 0.05466121
-0.17413665, -0.27000979, 1.2401495
-0.63173312, -0.29023102, 0.71877193
0.30643037, 0.08121687
-0.13276401, -0.27000979, 1.20022607
0.0, 0.70708334, -0.70708334
0.28332382, 0.08121681
-0.17413665, -0.17491299, 1.20022583
-0.70708334, 0.0, -0.70708334
0.29487708, 0.05466121
-0.13276401, -0.17491299, 1.20022583
0.44718772, 0.0, -0.89440596
0.28332382, 0.05466115
-0.17413665, -0.31138232, 1.20022607
-0.42350537, -0.88091677, 0.21118808
0.30643028, 0.09755564
-0.13276401, -0.31138232, 1.20022607
0.42350537, -0.88091677, 0.21118808
0.31798357, 0.09755564
-0.17413665, -0.07148147, 1.24014926
-0.57734919, 0.57734919, 0.57734919
0.30643028, 0.025778
-0.13276401, -0.07148147, 1.20022583
0.0, 1.0, 0.0
0.31798357, 0.01422489
-0.17413665, -0.07148147, 1.20022583
0.0, 1.0, 0.0
0.30643028, 0.01422489
-0.13276401, -0.07148147, 1.24014926
0.0, 0.70708334, 0.70708334
0.31798354, 0.02577811
-0.13276401, -0.17491299, 1.24014926
0.0, 0.31620228, 0.94866788
0.31798357, 0.05466121
-0.13276401, -0.07148147, 1.20022583
0.70708334, 0.0, -0.70708334
0.28332382, 0.02577806
-0.13276401, -0.17491299, 1.24014926
0.99996948, 0.0, 0.0
0.27177054, 0.05466115
-0.17413665, -0.07148147, 1.20022583
-0.70708334, 0.0, -0.70708334
0.29487711, 0.02577806
-0.17413665, -0.27000979, 1.20022607
-0.8164922, 0.4082461, -0.4082461
0.29487699, 0.08121693
-0.13276401, -0.2224614, 1.20022607
0.0, -0.70708334, -0.70708334
0.31798354, 0.02983016
-0.13276401, -0.2224614, 1.24014926
0.0, -1.0, 0.0
0.31798357, 0.01827693
-0.13276401, -0.17491299, 1.20022583
0.0, 0.70708334, -0.70708334
0.31798357, 0.04310799
-0.17413665, -0.27000979, 1.08045578
-0.20712912, -0.92468029, -0.31940672
0.30643028, 0.13409019
-0.17413665, -0.27000979, 1.18026423
-1.0, 0.0, 0.0
0.2972967, 0.10668921
-0.13276401, -0.27000979, 1.18026423
1.0, 0.0, 0.0
0.32711715, 0.10668927
-0.13276401, -0.27000979, 1.20022607
1.0, 0.0, 0.0
0.32894391, 0.1012091
-0.13276401, -0.27000979, 1.18026423
0.0, 1.0, 0.0
0.28332382, 0.08699346
-0.2775681, -0.27000979, 1.18026423
0.0, -0.99996948, 0.0
0.78101891, 0.01771933
0.41366556, 0.01861544, 0.38660544
0.36909086, -0.89471114, -0.25138095
0.34975907, 0.17987776
0.42371902, 0.03537136, 0.3666437
0.81157875, -0.33594775, -0.47795036
0.34575161, 0.19113463
0.42855963, 0.0335096, 0.38660544
0.89471114, -0.36909086, -0.25138095
0.35424128, 0.18852311
0.42855963, 0.05212727, 0.38660544
0.89471114, 0.36909086, -0.25138095
0.35544875, 0.1967833
0.41180375, 0.06218079, 0.3666437
0.33594775, 0.81157875, -0.47795036
0.34535077, 0.20294905
0.41366556, 0.0670214, 0.38660544
0.36909086, 0.89471114, -0.25138095
0.35373893, 0.20618373
0.38015369, 0.05212727, 0.38660544
-0.89471114, 0.36909086, -0.25138095
0.34104061, 0.22045261
0.39690951, 0.06218079, 0.3666437
-0.33594775, 0.81157875, -0.47795036
0.3421376, 0.20778012
0.38499424, 0.05026551, 0.3666437
-0.81157875, 0.33594775, -0.47795036
0.33662072, 0.21163183
0.39504781, 0.01861544, 0.38660544
0.0, -0.97183144, -0.23566394
0.3433246, 0.17358363
0.41180375, 0.02345607, 0.3666437
0.33594775, -0.81157875, -0.47795036
0.34233969, 0.18555582
0.42371902, 0.05026551, 0.3666437
0.81157875, 0.33594775, -0.47795036
0.34679329, 0.19667464
0.39504781, 0.0670214, 0.38660544
-0.36909086, 0.89471114, -0.25138095
0.34925431, 0.21385342
0.38015369, 0.0335096, 0.38660544
-0.39036226, 0.92059082, -0.00878933
0.33204746, 0.22331953
0.38499424, 0.03537136, 0.3666437
-0.38373974, 0.92321545, -0.0201117
0.33053428, 0.2134766
0.39504781, 0.01861544, 0.38660544
0.68797874, 0.68797874, 0.2309946
0.32109815, 0.22331953
0.40063319, 0.03313725, 0.35666278
0.0, -0.34049502, -0.94021422
0.33486399, 0.18825471
0.40808016, 0.03313725, 0.35666278
0.17404705, -0.41309854, -0.89388716
0.33787608, 0.19010454
0.41403788, 0.04654197, 0.35666278
0.63911861, 0.26926482, -0.72038943
0.34057152, 0.1965881
0.40063307, 0.05249962, 0.35666278
-0.26926482, 0.63911861, -0.72038943
0.33740583, 0.20325649
0.39467546, 0.0390949, 0.35666278
-0.34980315, 0.93673515, 0.01013215
0.33011052, 0.20630926
0.39690962, 0.02345607, 0.3666437
0.63362527, 0.63362527, 0.44380015
0.32256082, 0.21250153
0.41403788, 0.0390949, 0.35666278
0.63911861, -0.26926482, -0.72038943
0.34010234, 0.19325185
0.40808016, 0.05249962, 0.35666278
0.26926482, 0.63911861, -0.72038943
0.33954477, 0.20037293
0.39467546, 0.04654197, 0.35666278
-0.63911861, 0.26926482, -0.72038943
0.33384365, 0.20549542
0.40808016, 0.05249962, 0.35666278
0.0, 0.0, -1.0
0.33306658, 0.197936
0.42855963, 0.05212727, 0.38660544
0.0, 0.0, 1.0
0.32490683, 0.17348319
0.41366556, 0.0670214, 0.38660544
0.0, 0.0, 1.0
0.32490686, 0.1624549
0.38015369, 0.05212727, 0.38660544
0.0, 0.0, 1.0
0.30698586, 0.1555621
0.40063307, 0.04654197, 0.35666278
0.38315988, 0.83394879, -0.39707634
0.27824378, 0.18947291
0.36670753, 0.04654197, 0.31673926
-0.38315988, 0.83394879, 0.39707634
0.28098112, 0.16179538
0.35926053, 0.04654197, 0.31673926
0.62385935, 0.43903929, -0.6465041
0.27824378, 0.15905809
0.40063307, 0.0390949, 0.35666278
0.0, 1.0, 0.0
0.28758961, 0.18947291
0.36670753, 0.0390949, 0.31673926
-0.38315988, 0.83394879, 0.39707634
0.28485227, 0.16179538
0.35926053, 0.0390949, 0.31673926
0.0, 1.0, 0.0
0.28758955, 0.15905809
0.40808016, 0.04654197, 0.35666278
-0.62385935, 0.43903929, 0.6465041
0.28098112, 0.1922102
0.40808016, 0.0390949, 0.35666278
-0.62385935, 0.43903929, 0.6465041
0.28485233, 0.1922102
0.40063307, 0.0390949, 0.35666278
0.69438767, 0.0, -0.71959591
0.27437264, 0.18947291
0.00169683, 0.02470991, -0.74205273
0.0, 0.99844354, -0.05533006
0.52639848, 0.23964643
0.00169683, 0.01953831, -0.81541234
0.0, 0.0, -0.99996948
0.40594319, 0.16626954
-0.00864639, 0.05056775, -0.82539302
0.817774, -0.57548755, 0.0
0.42207363, 0.17387336
0.00169683, 0.05056775, -0.81541187
0.0, -0.57921082, -0.81514937
0.42207363, 0.16626942
0.01204005, 0.01953831, -0.82539302
-1.0, 0.0, 0.0
0.40594319, 0.1586656
0.00169683, 0.05056775, -0.83537394
-0.61824399, -0.45527512, 0.64067507
0.42207351, 0.15106159
0.00169683, 0.01953831, -0.83537394
-0.69438767, 0.0, 0.71959591
0.40594319, 0.15106165
0.00169683, 0.01953831, -0.83537394
0.69438767, 0.0, 0.71959591
0.40594319, 0.18147749
-0.00864639, 0.01953831, -0.82539302
1.0, 0.0, 0.0
0.40594319, 0.17387342
0.01204005, 0.05056775, -0.82539302
-0.817774, -0.57548755, 0.0
0.42207351, 0.1586656
-0.00347472, 0.05056775, -0.82539302
0.67659533, -0.73632008, 0.0
0.42397466, 0.17197245
0.00169683, 0.05056775, -0.82040256
0.0, -0.71892452, -0.69505906
0.42397466, 0.16817045
0.00686838, 0.05056775, -0.82539302
0.0, -1.0, 0.0
0.42397454, 0.15676463
0.00169683, 0.05056775, -0.83038336
0.0, -1.0, 0.0
0.42397454, 0.15296257
0.00169683, 0.05056775, -0.83537394
0.61824399, -0.45527512, 0.64067507
0.42207363, 0.18147743
-0.00347472, 0.05056775, -0.82539302
0.0, -1.0, 0.0
0.42397466, 0.17577446
0.00686838, 0.05056775, -0.82539302
0.0, -0.99996948, 0.0
0.42397454, 0.16056651
0.00169683, 0.05056775, -0.83038336
0.69438767, 0.0, 0.71959591
0.42397466, 0.17577446
-0.00347472, 0.46429384, -0.82539302
0.817774, -0.57548755, 0.0
0.63904762, 0.17197198
0.00686838, 0.46429384, -0.82539302
-1.0, 0.0, 0.0
0.63904762, 0.16436929
0.00686838, 0.05056775, -0.82539302
-1.0, 0.0, 0.0
0.42397466, 0.16436845
0.00169683, 0.46429384, -0.82040256
0.0, -0.57924134, -0.81514937
0.63904762, 0.16817075
0.00169683, 0.46429384, -0.83038336
-0.69438767, 0.0, 0.71959591
0.63904762, 0.16056788
0.00169683, 0.05056775, -0.83038336
-0.69435716, 0.0, 0.71959591
0.42397466, 0.16056651
0.00169683, 0.46429384, -0.83038336
0.0, -1.0, 0.0
0.64284897, 0.17197198
0.00686838, 0.46429384, -0.82539302
0.0, -1.0, 0.0
0.64284897, 0.16817057
0.43817788, -0.07148147, -0.45659944
0.9722892, 0.23368023, 0.0
0.50205612, 0.74274167
0.41684526, -0.28868777, -0.79195708
0.98284858, -0.18427075, 0.0
0.60677177, 0.80963752
0.43817788, -0.17491299, -0.75203341
0.99795526, -0.06366161, 0.0
0.596901, 0.77456427
0.00169683, -0.17491299, -1.16672707
0.0, 0.27600941, -0.96111941
0.52644438, 0.41743171
0.00169683, -0.12813741, -1.15329337
0.0, 0.27600941, -0.96111941
0.52644438, 0.40230292
0.00169683, -0.03647263, -1.12696767
0.0, 0.27600941, -0.96111941
0.52644438, 0.37265551
0.43817806, -0.17491299, -1.15430951
0.0, 0.27600941, -0.96111941
0.38720974, 0.41536182
0.29358494, 0.21192102, 0.17942077
0.1899472, 0.74825281, 0.63560897
0.96155751, 0.87704483
0.40229344, -0.03217747, 0.84690291
0.0, 0.99368268, 0.11194189
0.26291206, 0.54518422
0.00169683, 0.21192102, 0.23374139
0.05822932, 0.8863796, 0.45927304
0.01168626, 0.09560716
0.16605242, 0.21192102, 0.21289636
0.11670278, 0.88180178, 0.45689261
0.01821323, 0.14527678
0.00169683, 0.2119209, -0.5155614
0.0361034, 0.88729513, -0.45973083
0.24736826, 0.09552574
0.43817776, -0.17491299, 1.08045554
0.9129917, 0.0, 0.40791041
0.61907542, 0.47647655
0.00169683, -0.27000979, 1.20022607
0.0, 0.0, 1.0
0.46788105, 0.54789889
0.00169683, -0.17491299, -1.16672707
0.0, 1.0, 0.0
0.47922966, 0.63069227
0.21450718, -0.27834451, 0.91477305
0.0, -0.13385418, -0.99099702
0.74308765, 0.19170946
0.21450718, -0.3300603, 0.52751499
1.0, 0.0, 0.0
0.78142816, 0.10166979
0.21450718, -0.17491299, 0.55745733
1.0, 0.0, 0.0
0.75455391, 0.10704476
0.21450718, -0.1294031, 0.59738094
1.0, 0.0, 0.0
0.74667084, 0.1142112
0.21450718, -0.1294031, 0.87085718
1.0, 0.0, 0.0
0.74667084, 0.16330135
0.23002195, -0.3300603, -0.38673356
0.0, -0.12759788, -0.99182105
0.74301159, 0.55160517
0.23002195, -0.17491299, -0.75203341
0.99996948, 0.0, 0.0
0.75089478, 0.45775193
0.23002195, -0.17491299, -0.40669522
1.0, 0.0, 0.0
0.75089473, 0.51974165
0.41878453, -0.27834451, -1.09442496
0.0, -1.0, 0.0
0.65309536, 0.57579336
0.00169683, -0.27834451, -1.16025138
0.0, -1.0, 0.0
0.47922945, 0.57734677
0.23958924, -0.27834466, -1.19423342
0.0, -0.89440596, -0.44718772
0.55515152, 0.58858481
0.41684526, -0.28868777, -0.79195708
0.0, -0.99957275, -0.02850429
0.7444281, 0.63393784
0.23002195, -0.28868777, -0.79195708
0.0, -0.99481183, -0.1015656
0.7924152, 0.43274796
0.00169683, -0.3300603, 0.52751499
0.0, -1.0, 0.0
0.85115975, 0.43591791
0.00169683, -0.3300603, 0.52751499
0.0, -0.99118012, 0.13235877
0.85116041, 0.08687252
0.45886418, -0.27000979, 1.08045578
0.0, -1.0, 0.0
0.96598482, 0.04369766
0.00169683, 0.2222641, -0.15374628
0.0, -0.23450422, -0.9721061
0.57353312, 0.01853865
0.26255557, 0.2222641, -0.15374628
0.9701224, -0.24250008, 0.0
0.68400389, 0.04575884
0.28096175, -0.17491299, 1.18026423
1.0, 0.0, 0.0
0.3513422, 0.33412093
0.28096175, -0.27834466, -1.19423342
1.0, 0.0, 0.0
0.30522615, 0.40066612
0.09498416, -0.1281375, -1.15329337
-1.0, 0.0, 0.0
0.36354816, 0.28081006
0.09498416, -0.03647263, -1.12696815
0.0, -1.0, 0.0
0.35735607, 0.31933832
0.42907023, 0.02108868, 0.1981622
-0.17572558, -0.38108462, -0.90765101
0.2336518, 0.31008893
0.39880747, 0.01281415, 0.18979126
-0.68932158, -0.68977934, -0.22135074
0.2176615, 0.36720955
0.13615769, -0.07148147, 1.24014926
-1.0, 0.0, 0.0
0.43929249, 0.02577811
0.00169683, -0.17491299, 1.20022583
0.0, 0.70708334, -0.70708334
0.35553163, 0.04310799
0.00169683, -0.2224614, 1.24014926
0.0, 0.0, 1.0
0.35553163, 0.06793904
0.13615769, -0.27000979, 1.08045578
-0.20712912, -0.92468029, -0.31940672
0.39307958, 0.13409013
0.1775303, -0.27000979, 1.18026423
0.0, 1.0, 0.0
0.41618603, 0.08699346
0.00169683, -0.27000979, 1.20022607
0.0, -1.0, 0.0
0.85116041, 0.01252371
-0.43478423, -0.07148147, -0.45659944
-0.9722892, 0.23368023, 0.0
0.50214285, 0.91156667
-0.43478423, -0.17491299, -1.15430951
-0.99481183, -0.1015656, 0.0
0.72187757, 0.87974405
-0.09159049, -0.03647263, -1.12696815
0.0, 0.27603993, -0.96111941
0.55536294, 0.37265551
-0.43478435, -0.17491299, -1.15430951
0.0, 0.27600941, -0.96111941
0.66568488, 0.41529864
-0.29019129, 0.21192078, -0.47748533
-0.28782007, 0.7491684, -0.59654528
0.96006578, 0.73942173
-0.16265875, 0.21192102, 0.21289636
-0.11670278, 0.88180178, 0.45689261
0.0181944, 0.04574156
-0.15850377, 0.21192078, -0.50297838
-0.06414991, 0.88604391, -0.45908993
0.24342553, 0.04703987
0.00169683, 0.2119209, -0.5155614
-0.0361034, 0.88729513, -0.45973083
0.24736826, 0.09540582
-0.41576493, -0.27000979, 1.08045578
0.0, 0.0, -0.99996948
0.28631976, 0.54860374
-0.41576493, -0.27000979, 1.08045578
-0.98055971, -0.19611195, 0.0
0.01732956, 0.8504259
-0.43478423, -0.17491299, -1.09442496
0.0, 1.0, 0.0
0.30536127, 0.62819847
-0.21111353, -0.27834451, 0.91477305
0.0, -0.13385418, -0.99099702
0.95740211, 0.19300079
-0.21111353, -0.3300603, 0.52751499
0.0, -0.18948942, 0.98187202
0.95740235, 0.07675236
-0.21111353, -0.17491299, 0.55745733
-1.0, 0.0, 0.0
0.94593596, 0.10833615
-0.21111353, -0.3300603, 0.52751499
-1.0, 0.0, 0.0
0.91906178, 0.10296124
-0.21111353, -0.17491299, 0.90079981
-1.0, 0.0, 0.0
0.9459359, 0.16996747
-0.21111353, -0.1294031, 0.87085718
-1.0, 0.0, 0.0
0.95381892, 0.16459274
-0.21111353, -0.1294031, 0.59738094
-1.0, 0.0, 0.0
0.9538191, 0.1155026
-0.22662829, -0.3300603, -0.38673356
0.0, -0.12759788, -0.99182105
0.95760453, 0.55749521
-0.22662829, -0.28868777, -0.79195708
0.0, -0.33109531, 0.94357127
0.95760453, 0.43950862
-0.22662829, -0.17491299, -0.75203341
-0.99996948, 0.0, 0.0
0.9497214, 0.46364194
-0.22662829, -0.28868777, -0.79195708
-1.0, 0.0, 0.0
0.93001366, 0.45647556
-0.22662829, -0.17491299, -0.40669522
-1.0, 0.0, 0.0
0.9497214, 0.52563179
-0.41539088, -0.27834451, -1.09442496
0.0, -1.0, 0.0
0.30536082, 0.57579589
-0.22662829, -0.28868777, -0.79195708
0.0, -0.99481183, -0.1015656
0.90999734, 0.43274796
-0.41409767, -0.27000979, 1.18026423
0.0, -1.0, 0.0
0.74672747, 0.01771933
-0.42567655, 0.02108868, 0.1981622
0.17572558, -0.38108462, -0.90765101
0.04702839, 0.33086711
-0.4380883, 0.03842675, 0.19816223
-0.43137914, 0.0, 0.90215766
0.08733498, 0.35389537
-0.4380883, 0.02108868, 0.1981622
0.00802637, -0.69850767, 0.71553695
0.07698464, 0.37331629
-0.13276401, -0.07148147, 1.24014926
1.0, 0.0, 0.0
0.2717706, 0.02577806
-0.17413665, -0.31138232, 1.20022607
-1.0, 0.0, 0.0
0.29487711, 0.0927701
-0.13276401, -0.27000979, 1.08045578
0.20712912, -0.92468029, -0.31940672
0.31798357, 0.13409019
-0.17413665, -0.27000979, 1.20022607
-1.0, 0.0, 0.0
0.29546994, 0.1012091
-0.17413665, -0.27000979, 1.18026423
0.0, 1.0, 0.0
0.29487699, 0.08699346
0.39690962, 0.02345607, 0.3666437
0.0, -0.89077425, -0.4544206
0.33717096, 0.18161094
0.40063319, 0.03313725, 0.35666278
0.51271093, 0.51271093, 0.68861967
0.32580292, 0.20565563
0.39467546, 0.0390949, 0.35666278
0.0, 0.0, -1.0
0.3309744, 0.18918455
0.39467546, 0.04654197, 0.35666278
0.0, 0.0, -1.0
0.3291246, 0.19219667
0.40063307, 0.05249962, 0.35666278
0.0, 0.0, -1.0
0.33005443, 0.19608623
0.41403788, 0.04654197, 0.35666278
0.0, 0.0, -1.0
0.33695611, 0.19700617
0.41403788, 0.0390949, 0.35666278
0.0, 0.0, -1.0
0.33880594, 0.19399405
0.38015369, 0.0335096, 0.38660544
0.0, 0.0, 0.99996948
0.30009314, 0.1624549
0.42855963, 0.0335096, 0.38660544
0.0, 0.0, 1.0
0.31801414, 0.18037587
0.39504781, 0.01861544, 0.38660544
0.0, 0.0, 1.0
0.30009314, 0.17348319
0.41366556, 0.01861544, 0.38660544
0.0, 0.0, 0.99996948
0.30698586, 0.18037587
0.39504781, 0.0670214, 0.38660544
0.0, 0.0, 1.0
0.31801414, 0.1555621
0.35926053, 0.0390949, 0.31673926
0.69438767, 0.0, -0.71959591
0.27437264, 0.15905809
0.00169683, 0.05056775, -0.83038336
0.0, -1.0, 0.0
0.42397466, 0.1795764
0.00169683, 0.05056775, -0.82040256
0.0, -1.0, 0.0
0.42397466, 0.16436851
0.00169683, 0.46429384, -0.83038336
0.69435716, 0.0, 0.71959591
0.63904762, 0.17577332
# Number of Faces:
737
# Face Data:
0, 1, 2
3, 4, 5
6, 5, 7
8, 9, 10
11, 12, 13
5, 14, 11
15, 16, 17
18, 19, 16
20, 21, 22
20, 23, 21
21, 24, 14
25, 14, 24
26, 27, 28
29, 30, 31
32, 33, 34
33, 35, 34
36, 34, 35
33, 29, 35
37, 33, 38
39, 29, 40
38, 33, 41
42, 43, 44
45, 46, 47
44, 46, 45
48, 49, 50
51, 52, 49
53, 54, 16
55, 56, 57
53, 58, 59
53, 59, 60
61, 56, 55
62, 63, 57
57, 64, 65
66, 67, 68
69, 64, 70
63, 70, 64
71, 63, 62
72, 53, 16
4, 22, 21
22, 68, 72
43, 46, 44
51, 73, 52
74, 52, 73
75, 76, 77
77, 78, 79
80, 79, 78
81, 79, 82
79, 83, 84
85, 84, 83
86, 84, 87
88, 86, 89
90, 91, 88
79, 88, 77
91, 77, 88
92, 93, 94
95, 94, 96
97, 98, 99
99, 57, 65
100, 101, 102
102, 103, 100
103, 95, 104
105, 106, 107
108, 109, 105
110, 106, 111
108, 112, 113
114, 115, 116
114, 116, 117
117, 116, 118
108, 105, 119
120, 107, 121
118, 122, 123
124, 17, 125
11, 7, 5
126, 7, 127
128, 129, 130
9, 27, 131
132, 11, 13
133, 134, 135
136, 135, 137
138, 136, 137
137, 135, 139
138, 140, 141
142, 143, 144
143, 134, 145
129, 26, 146
131, 27, 26
147, 146, 148
148, 149, 150
151, 152, 153
154, 155, 156
157, 158, 159
160, 161, 151
153, 162, 154
163, 155, 164
159, 165, 160
161, 166, 167
168, 169, 170
171, 172, 173
174, 175, 171
176, 172, 177
170, 178, 174
175, 179, 180
136, 181, 133
0, 182, 136
183, 133, 184
185, 186, 187
188, 189, 190
191, 192, 193
194, 195, 196
197, 198, 199
199, 200, 201
202, 203, 204
205, 206, 207
202, 208, 209
204, 206, 210
211, 208, 212
213, 204, 214
215, 213, 214
216, 217, 218
219, 217, 220
221, 222, 223
224, 225, 226
145, 227, 228
229, 230, 231
232, 230, 233
234, 235, 236
237, 238, 239
235, 233, 230
240, 241, 242
243, 244, 240
245, 244, 246
247, 240, 242
248, 249, 250
251, 249, 248
252, 253, 254
255, 256, 257
258, 259, 260
261, 262, 263
264, 252, 255
264, 255, 265
254, 255, 252
265, 255, 257
266, 267, 268
268, 269, 270
261, 268, 271
267, 272, 273
274, 266, 275
218, 222, 225
276, 277, 278
279, 280, 281
282, 283, 284
285, 276, 286
282, 287, 279
288, 287, 289
279, 290, 280
291, 292, 284
284, 293, 282
294, 295, 296
297, 298, 299
300, 301, 280
301, 281, 280
302, 300, 298
286, 303, 285
285, 304, 305
306, 286, 307
295, 308, 283
199, 201, 309
310, 311, 312
313, 314, 315
316, 317, 318
319, 320, 321
322, 323, 324
325, 326, 327
328, 315, 326
329, 330, 331
331, 330, 332
333, 334, 335
334, 336, 337
336, 338, 337
339, 328, 325
340, 341, 342
343, 344, 30
345, 346, 347
347, 346, 348
349, 348, 346
347, 348, 343
350, 347, 343
350, 343, 351
347, 352, 353
354, 355, 356
45, 47, 357
358, 45, 357
359, 360, 361
361, 360, 362
363, 330, 364
365, 366, 367
368, 363, 369
363, 370, 369
371, 366, 372
372, 365, 373
374, 365, 375
376, 377, 378
69, 70, 374
373, 374, 70
71, 373, 70
363, 335, 330
333, 313, 336
333, 377, 376
355, 358, 357
361, 362, 73
74, 73, 362
75, 379, 380
381, 382, 383
384, 381, 383
385, 386, 383
383, 387, 385
388, 387, 389
390, 391, 389
392, 390, 389
91, 393, 392
383, 392, 389
91, 382, 75
394, 395, 396
395, 95, 96
397, 398, 399
365, 400, 398
401, 402, 403
404, 405, 401
95, 404, 104
406, 407, 408
409, 410, 407
411, 406, 408
412, 410, 413
414, 114, 415
114, 117, 415
117, 416, 415
410, 417, 407
408, 418, 419
410, 420, 421
422, 423, 329
316, 326, 315
316, 424, 425
424, 426, 427
427, 319, 428
429, 323, 428
326, 430, 327
431, 432, 433
434, 435, 436
437, 435, 311
436, 438, 434
437, 439, 436
440, 441, 442
432, 434, 440
319, 340, 429
429, 340, 342
320, 443, 321
444, 443, 318
445, 446, 447
448, 449, 450
451, 452, 453
454, 455, 446
456, 447, 449
457, 448, 450
458, 453, 455
454, 445, 459
460, 461, 462
463, 464, 465
466, 467, 464
468, 463, 465
469, 462, 467
470, 469, 466
435, 431, 471
472, 311, 435
473, 433, 474
475, 186, 476
477, 188, 190
192, 478, 479
480, 194, 481
197, 482, 483
484, 485, 486
203, 487, 488
489, 206, 490
487, 208, 491
206, 488, 490
208, 492, 491
488, 493, 494
495, 493, 496
497, 498, 499
498, 500, 501
502, 503, 504
505, 506, 507
227, 508, 228
509, 510, 511
512, 509, 513
514, 515, 516
517, 518, 519
520, 514, 509
241, 521, 242
522, 523, 524
523, 245, 525
247, 521, 526
527, 528, 529
529, 530, 527
531, 532, 533
534, 535, 536
537, 538, 539
540, 541, 542
543, 534, 532
543, 544, 534
533, 532, 534
544, 535, 534
545, 546, 547
548, 547, 549
541, 547, 546
550, 545, 551
552, 546, 553
502, 554, 505
555, 556, 557
558, 559, 560
561, 562, 563
556, 564, 565
566, 562, 559
566, 567, 568
569, 559, 570
571, 572, 563
573, 563, 562
559, 574, 560
575, 297, 576
301, 577, 570
558, 301, 570
577, 302, 575
578, 565, 564
564, 579, 578
565, 580, 581
582, 574, 561
583, 484, 197
584, 585, 586
587, 588, 589
590, 591, 592
593, 594, 584
586, 595, 587
596, 588, 591
597, 592, 598
599, 598, 597
594, 600, 601
585, 602, 595
588, 603, 591
592, 604, 598
605, 604, 598
585, 601, 606
595, 607, 588
591, 608, 592
609, 601, 600
610, 611, 612
613, 614, 615
616, 617, 618
619, 617, 620
621, 615, 613
622, 30, 344
622, 31, 30
623, 624, 625
626, 627, 628
629, 624, 630
623, 631, 626
625, 632, 633
627, 634, 635
636, 637, 624
625, 638, 631
639, 640, 632
633, 641, 642
632, 643, 633
642, 644, 645
643, 646, 647
146, 130, 129
148, 126, 147
0, 138, 1
21, 5, 4
6, 3, 5
648, 148, 150
150, 6, 7
7, 648, 150
649, 10, 9
9, 650, 649
11, 14, 12
5, 21, 14
15, 18, 16
72, 16, 19
19, 20, 72
22, 72, 20
21, 23, 24
25, 12, 14
37, 29, 33
37, 651, 40
651, 652, 40
653, 30, 39
37, 40, 29
39, 30, 29
32, 41, 33
654, 38, 41
42, 655, 43
48, 51, 49
57, 656, 55
56, 62, 57
53, 68, 58
61, 62, 56
57, 63, 64
71, 70, 63
72, 68, 53
4, 66, 22
22, 66, 68
75, 657, 76
77, 658, 78
79, 81, 83
88, 84, 86
90, 659, 91
79, 84, 88
91, 75, 77
95, 92, 94
65, 97, 99
99, 656, 57
100, 660, 101
102, 92, 103
103, 92, 95
105, 109, 106
108, 113, 109
110, 107, 106
108, 122, 112
114, 661, 115
120, 105, 107
108, 123, 122
118, 116, 122
124, 15, 17
11, 127, 7
126, 648, 7
128, 650, 129
131, 129, 650
650, 9, 131
8, 27, 9
132, 127, 11
133, 183, 134
136, 133, 135
138, 0, 136
138, 137, 140
142, 135, 143
228, 662, 145
143, 135, 134
145, 662, 143
129, 131, 26
148, 146, 149
151, 161, 152
154, 162, 155
157, 663, 158
160, 165, 161
153, 152, 162
163, 156, 155
159, 158, 165
167, 664, 152
665, 666, 152
152, 161, 167
667, 166, 161
664, 665, 152
168, 668, 169
171, 175, 172
174, 178, 175
176, 173, 172
170, 169, 178
180, 669, 175
175, 178, 179
670, 179, 178
0, 671, 182
184, 672, 673
673, 183, 184
672, 227, 673
185, 674, 186
188, 675, 189
191, 676, 192
194, 677, 195
197, 483, 198
199, 678, 200
202, 209, 203
205, 210, 206
202, 212, 208
204, 203, 206
211, 679, 208
213, 202, 204
215, 680, 213
216, 681, 217
219, 222, 217
221, 225, 222
224, 218, 225
145, 673, 227
229, 235, 230
232, 682, 230
234, 238, 235
237, 233, 238
235, 238, 233
240, 244, 241
243, 683, 244
245, 241, 244
247, 684, 240
251, 259, 249
252, 685, 253
258, 249, 259
261, 271, 262
266, 686, 267
268, 267, 269
261, 266, 268
267, 686, 272
274, 686, 266
218, 217, 222
276, 281, 277
281, 276, 296
296, 279, 281
282, 295, 283
285, 296, 276
282, 293, 287
288, 290, 287
279, 287, 290
291, 687, 292
284, 292, 293
279, 296, 295
295, 282, 279
297, 302, 298
300, 688, 301
301, 689, 281
302, 688, 300
286, 690, 303
285, 303, 304
306, 690, 286
295, 691, 308
309, 692, 197
197, 199, 309
310, 437, 311
317, 315, 314
336, 313, 315
318, 443, 693
316, 315, 317
318, 693, 316
694, 324, 323
322, 428, 323
325, 328, 326
328, 336, 315
329, 423, 330
332, 330, 335
333, 336, 334
332, 335, 334
336, 328, 338
339, 338, 328
350, 352, 347
652, 651, 351
343, 30, 695
30, 653, 695
351, 651, 350
343, 695, 351
696, 353, 352
345, 347, 353
354, 358, 355
359, 697, 360
367, 400, 365
365, 372, 366
368, 377, 363
371, 367, 366
374, 373, 365
71, 372, 373
363, 377, 335
333, 376, 313
333, 335, 377
75, 382, 379
381, 698, 382
383, 389, 387
392, 699, 390
91, 700, 393
383, 382, 392
91, 392, 382
395, 394, 95
398, 397, 375
375, 365, 398
401, 405, 402
404, 394, 405
95, 394, 404
406, 409, 407
409, 413, 410
411, 701, 406
412, 420, 410
414, 661, 114
408, 407, 418
416, 421, 420
420, 415, 416
422, 702, 423
316, 425, 326
316, 693, 424
424, 693, 426
427, 426, 319
428, 319, 429
429, 342, 323
694, 323, 342
326, 425, 430
431, 434, 432
434, 431, 435
437, 436, 435
437, 703, 439
440, 434, 441
440, 662, 508
508, 432, 440
662, 228, 508
319, 321, 340
444, 321, 443
445, 454, 446
448, 456, 449
451, 704, 452
454, 458, 455
456, 445, 447
457, 705, 448
458, 451, 453
706, 707, 445
459, 708, 454
709, 454, 708
445, 710, 706
707, 459, 445
460, 711, 461
463, 466, 464
466, 469, 467
468, 712, 463
469, 460, 462
466, 713, 714
714, 470, 466
715, 469, 470
472, 716, 311
227, 672, 474
473, 431, 433
474, 672, 473
475, 187, 186
477, 717, 188
192, 676, 478
480, 677, 194
197, 484, 482
484, 718, 485
203, 209, 487
489, 207, 206
487, 209, 208
206, 203, 488
208, 679, 492
488, 487, 493
495, 494, 493
497, 554, 498
498, 502, 500
502, 505, 503
505, 554, 506
227, 474, 508
509, 514, 510
512, 520, 509
514, 517, 515
517, 520, 518
520, 517, 514
241, 523, 521
522, 521, 523
523, 241, 245
247, 242, 521
529, 537, 530
531, 719, 532
537, 529, 538
540, 720, 541
545, 553, 546
548, 545, 547
541, 720, 547
550, 553, 545
552, 721, 546
502, 498, 554
555, 558, 556
560, 556, 558
558, 570, 559
561, 574, 562
556, 560, 564
566, 573, 562
566, 569, 567
569, 566, 559
571, 722, 572
573, 571, 563
723, 560, 574
559, 562, 574
575, 302, 297
301, 688, 577
558, 689, 301
577, 688, 302
578, 724, 565
564, 725, 579
565, 724, 580
582, 726, 574
197, 692, 583
583, 718, 484
584, 594, 585
587, 595, 588
590, 596, 591
593, 727, 594
586, 585, 595
596, 589, 588
597, 590, 592
599, 605, 598
594, 727, 600
585, 606, 602
588, 607, 603
592, 608, 604
605, 728, 604
585, 594, 601
595, 602, 607
591, 603, 608
600, 729, 730
730, 731, 609
609, 732, 733
733, 601, 609
600, 730, 609
612, 734, 735
736, 737, 735
735, 610, 612
611, 738, 612
734, 736, 735
613, 619, 614
616, 620, 617
619, 614, 617
621, 739, 615
623, 630, 624
626, 631, 627
629, 636, 624
623, 625, 631
625, 624, 632
627, 631, 634
636, 740, 637
625, 741, 638
639, 742, 640
633, 643, 641
632, 640, 643
642, 641, 644
643, 640, 646
146, 147, 130
130, 147, 128
148, 648, 126
126, 128, 147
