# Project Zomboid Skinned Mesh
# File Version:
1.0
# Model Name:
Cube.021
# Vertex Stride Element Count:
3
# Vertex Stride Size (in bytes):
76
# Vertex Stride Data:
# (Int)    Offset
# (String) Type
0
VertexArray
12
NormalArray
24
TextureCoordArray
# Vertex Count:
616
# Vertex Buffer:
0.45040286, -0.04244579, -0.73796636
0.70708334, 0.0, 0.70708334
0.67823243, 0.72006097
0.45040321, 0.03858364, -0.73796606
0.57734919, 0.57731867, 0.57734919
0.67807114, 0.75981125
0.43577552, 0.03858364, -0.73796618
-0.57734919, 0.57734919, 0.57731867
0.68524694, 0.75984034
0.45040309, -0.04244579, -0.75259376
0.70708334, 0.0, -0.70708334
0.67105675, 0.72003183
0.43577552, -0.04244579, -0.75259364
0.0, 0.0, -1.0
0.66388094, 0.72000268
0.43577552, 0.03858364, -0.75259364
0.0, 0.44718772, -0.89440596
0.66371953, 0.75975296
0.43577552, -0.04244579, -0.75259364
-0.70708334, -0.70708334, 0.0
0.69258392, 0.72011915
0.43577552, -0.04244579, -0.73796618
-0.57731867, -0.57734919, 0.57734919
0.68540812, 0.72009006
0.45040309, 0.03858364, -0.75259376
0.57731867, 0.57734919, -0.57734919
0.67089534, 0.75978211
0.44674611, 0.03858364, -0.7416231
0.4850612, 0.72759181, 0.4850612
0.67985797, 0.76161256
0.43943238, 0.03858364, -0.7416231
-0.4850612, 0.72759181, 0.4850612
0.68344581, 0.76162705
0.4394325, 0.03858364, -0.74893665
0.0, 1.0, 0.0
0.66550612, 0.76155421
0.44674611, 0.03858364, -0.74893683
0.0, 1.0, 0.0
0.66909397, 0.76156875
0.43577552, 0.03858364, -0.75259364
-0.89440596, 0.44718772, 0.0
0.69242275, 0.75986943
0.43943238, 0.03858364, -0.7416231
0.0, 1.0, 0.0
0.68703365, 0.76164153
0.44674611, 0.03858364, -0.74893683
0.0, 1.0, 0.0
0.67268193, 0.76158342
0.4394325, 0.03858364, -0.74893665
-1.0, 0.0, 0.0
0.68703365, 0.76164159
0.43943238, 0.65230972, -0.7416231
-0.57734919, 0.57731867, 0.57731867
0.68357182, 0.96719263
0.44674611, 0.03858364, -0.74893683
0.70708334, 0.0, -0.70711386
0.67627001, 0.76159802
0.44674611, 0.65230972, -0.74893683
0.70708334, 0.0, -0.70708334
0.67639613, 0.96716361
0.44674611, 0.65230972, -0.7416231
0.57734919, 0.57734919, 0.57734919
0.67998397, 0.96717809
0.4394325, 0.03858364, -0.74893665
0.0, 0.0, -1.0
0.67268217, 0.76158348
0.4394325, 0.65230972, -0.74893665
0.0, 0.0, -1.0
0.67280817, 0.96714906
0.44674611, 0.65230972, -0.74893683
0.0, 1.0, 0.0
0.67996943, 0.97076599
0.4394325, 0.65230972, -0.74893665
0.0, 1.0, 0.0
0.68355727, 0.97078042
0.45040286, -0.04244579, -0.73796636
0.0, -0.99996948, 0.0
0.68543732, 0.71291438
0.45040309, -0.04244579, -0.75259376
0.0, -1.0, 0.0
0.69261301, 0.71294335
0.4394325, 0.03858364, -0.74893665
0.0, 1.0, 0.0
0.69062138, 0.76165614
0.44674611, 0.03858364, -0.7416231
0.0, 1.0, 0.0
0.67626977, 0.76159802
0.4394325, 0.65230972, -0.74893665
-1.0, 0.0, 0.0
0.68715978, 0.96720718
0.13445862, -0.28867576, 1.08848763
-0.63023776, -0.29709768, 0.71727651
0.71578038, 0.70831999
0.13445862, -0.2411274, 1.04711533
-0.99996948, 0.0, 0.0
0.70422721, 0.6950421
0.13445862, -0.33004829, 1.04711533
-1.0, 0.0, 0.0
0.70422709, 0.71987316
0.17583123, -0.19357905, 1.08848739
0.70708334, 0.0, 0.70708334
0.72733378, 0.68176427
0.13445862, -0.19357905, 1.08848739
0.0, 0.31620228, 0.94866788
0.71578038, 0.68176433
0.13445862, -0.2411274, 1.08848739
-0.31620228, 0.0, 0.94866788
0.71578032, 0.69504204
0.17583123, -0.19357905, 1.04711485
0.70708334, 0.0, -0.70708334
0.73888665, 0.68176427
0.13445862, -0.28867576, 1.04711533
0.0, 0.70708334, -0.70708334
0.75044024, 0.70831987
0.13445862, -0.19357905, 1.04711485
-0.44718772, 0.0, -0.89440596
0.75044012, 0.68176427
0.17583123, -0.33004829, 1.04711533
0.42341381, -0.88167971, 0.20813623
0.72733355, 0.72465858
0.13445862, -0.33004829, 1.04711533
-0.42341381, -0.88167971, 0.20813623
0.71578038, 0.72465858
0.17583123, -0.09014747, 1.08848739
0.57734919, 0.57734919, 0.57734919
0.72733355, 0.65288118
0.13445862, -0.09014747, 1.04711485
0.0, 1.0, 0.0
0.71578038, 0.64132795
0.17583123, -0.09014747, 1.04711485
0.0, 1.0, 0.0
0.72733355, 0.64132795
0.13445862, -0.09014747, 1.08848739
0.0, 0.70708334, 0.70708334
0.71578038, 0.65288118
0.13445862, -0.19357905, 1.08848739
-0.99996948, 0.0, 0.0
0.76199329, 0.68176427
0.13445862, -0.09014747, 1.04711485
-0.70708334, 0.0, -0.70708334
0.75044012, 0.65288118
0.17583123, -0.09014747, 1.04711485
0.70708334, 0.0, -0.70708334
0.73888683, 0.65288118
0.17583123, -0.33004829, 1.04711533
1.0, 0.0, 0.0
0.73888683, 0.71987316
0.17583123, -0.28867576, 1.04711533
0.8164922, 0.4082461, -0.4082461
0.73888689, 0.70831987
0.17583123, -0.28867576, 1.08848763
0.63023776, -0.29709768, 0.71727651
0.72733355, 0.70831999
-2.24e-06, -0.2411274, 1.08848739
0.0, -0.99996948, 0.0
0.67823243, 0.64537999
0.13445862, -0.2411274, 1.04711533
0.0, -0.70708334, -0.70708334
0.71578038, 0.65693328
0.13445862, -0.2411274, 1.08848739
0.0, -1.0, 0.0
0.71578038, 0.64537999
0.13445862, -0.19357905, 1.04711485
0.0, 0.70708334, -0.70708334
0.71578038, 0.67021105
-2.24e-06, -0.19357905, 1.08848739
0.0, 0.70708334, 0.70708334
0.67823249, 0.68176427
-2.24e-06, -0.2411274, 1.04711533
0.0, -0.70708334, -0.70708334
0.67823249, 0.65693322
0.17583123, -0.28867576, 0.9229973
0.2006592, -0.92938018, -0.30979338
0.72733355, 0.76119319
0.17583123, -0.28867576, 1.00744271
1.0, 0.0, 0.0
0.73646724, 0.73379228
0.17583123, -0.28867576, 1.04711533
1.0, 0.0, 0.0
0.73829401, 0.72831216
0.13445862, -0.28867576, 1.00744271
-1.0, 0.0, 0.0
0.7066468, 0.73379228
0.13445862, -0.28867576, 1.04711533
-1.0, 0.0, 0.0
0.70482004, 0.7283121
0.13445862, -0.28867576, 1.00744271
0.0, 1.0, 0.0
0.75044012, 0.71409652
-0.13446309, -0.2411274, 1.04711533
0.99996948, 0.0, 0.0
0.65223765, 0.6950421
-0.13446309, -0.28867576, 1.08848763
0.63023776, -0.29709768, 0.71727651
0.64068437, 0.70831999
-0.13446309, -0.33004829, 1.04711533
1.0, 0.0, 0.0
0.65223765, 0.71987316
-0.13446309, -0.2411274, 1.08848739
0.31620228, 0.0, 0.94866788
0.64068443, 0.69504204
-0.17583573, -0.19357905, 1.08848739
-0.70708334, 0.0, 0.70708334
0.62913114, 0.68176427
-0.17583573, -0.28867576, 1.08848763
-0.63023776, -0.29709768, 0.71727651
0.62913114, 0.70831999
-0.13446309, -0.28867576, 1.04711533
0.0, 0.70708334, -0.70708334
0.60602462, 0.70831987
-0.17583573, -0.19357905, 1.04711485
-0.70708334, 0.0, -0.70708334
0.61757785, 0.68176427
-0.13446309, -0.19357905, 1.04711485
0.44718772, 0.0, -0.89440596
0.60602462, 0.68176422
-0.17583573, -0.33004829, 1.04711533
-0.42341381, -0.88167971, 0.20813623
0.62913108, 0.7246587
-0.13446309, -0.33004829, 1.04711533
0.42341381, -0.88167971, 0.20813623
0.64068437, 0.7246587
-0.17583573, -0.09014747, 1.08848739
-0.57734919, 0.57734919, 0.57734919
0.62913108, 0.65288106
-0.13446309, -0.09014747, 1.04711485
0.0, 1.0, 0.0
0.64068437, 0.64132795
-0.17583573, -0.09014747, 1.04711485
0.0, 1.0, 0.0
0.62913108, 0.64132795
-0.13446309, -0.09014747, 1.08848739
0.0, 0.70708334, 0.70708334
0.64068431, 0.65288118
-0.13446309, -0.19357905, 1.08848739
0.0, 0.31620228, 0.94866788
0.64068437, 0.68176427
-0.13446309, -0.09014747, 1.04711485
0.70708334, 0.0, -0.70708334
0.60602462, 0.65288112
-0.13446309, -0.19357905, 1.08848739
0.99996948, 0.0, 0.0
0.59447134, 0.68176422
-0.17583573, -0.09014747, 1.04711485
-0.70708334, 0.0, -0.70708334
0.61757791, 0.65288112
-0.17583573, -0.28867576, 1.04711533
-0.8164922, 0.4082461, -0.4082461
0.61757785, 0.70831987
-0.13446309, -0.2411274, 1.04711533
0.0, -0.70708334, -0.70708334
0.64068431, 0.65693322
-0.13446309, -0.2411274, 1.08848739
0.0, -1.0, 0.0
0.64068437, 0.64537999
-0.13446309, -0.19357905, 1.04711485
0.0, 0.70708334, -0.70708334
0.64068437, 0.67021105
-0.17583573, -0.28867576, 0.9229973
-0.2006592, -0.92938018, -0.30979338
0.62913108, 0.76119325
-0.17583573, -0.28867576, 1.00744271
-1.0, 0.0, 0.0
0.6199975, 0.73379228
-0.13446309, -0.28867576, 1.00744271
1.0, 0.0, 0.0
0.64981794, 0.73379233
-0.13446309, -0.28867576, 1.04711533
1.0, 0.0, 0.0
0.65164471, 0.72831216
-0.13446309, -0.28867576, 1.00744271
0.0, 0.99996948, 0.0
0.60602462, 0.71409652
0.13445862, -0.09014747, 1.08848739
-1.0, 0.0, 0.0
0.76199329, 0.65288118
-2.24e-06, -0.19357905, 1.04711485
0.0, 0.70708334, -0.70708334
0.67823243, 0.67021105
-2.24e-06, -0.2411274, 1.08848739
0.0, 0.0, 1.0
0.67823243, 0.6950421
0.13445862, -0.28867576, 0.9229973
-0.2006592, -0.92938018, -0.30979338
0.71578038, 0.76119319
0.17583123, -0.28867576, 1.00744271
0.0, 1.0, 0.0
0.73888683, 0.71409652
-0.13446309, -0.09014747, 1.08848739
1.0, 0.0, 0.0
0.5944714, 0.65288112
-0.17583573, -0.33004829, 1.04711533
-1.0, 0.0, 0.0
0.61757791, 0.71987316
-0.13446309, -0.28867576, 0.9229973
0.2006592, -0.92938018, -0.30979338
0.64068437, 0.76119325
-0.17583573, -0.28867576, 1.04711533
-1.0, 0.0, 0.0
0.61817074, 0.72831216
-0.17583573, -0.28867576, 1.00744271
0.0, 1.0, 0.0
0.61757779, 0.71409652
0.26085946, 0.40322116, -0.0800017
0.50337231, 0.70229197, -0.50337231
0.94252551, 0.59720057
7.2e-07, 0.40322116, 0.02342992
0.0, 0.78820157, 0.61540574
0.86083245, 0.62959224
0.26085946, 0.40322116, 0.02342992
0.50337231, 0.70229197, 0.50337231
0.94252551, 0.62959224
0.26085946, 0.320476, 0.02342992
0.0, -0.2425306, 0.9701224
0.94252551, 0.65630311
7.2e-07, 0.36184865, 0.03377314
0.0, 0.0, 1.0
0.86083245, 0.64294755
7.2e-07, 0.320476, 0.02342992
0.0, -0.2425306, 0.9701224
0.86083245, 0.65630311
7.2e-07, 0.36184865, -0.09034477
0.0, 0.0, -1.0
0.86083245, 0.5838452
7.2e-07, 0.40322116, -0.0800017
0.0, 0.78820157, -0.61540574
0.86083245, 0.59720057
0.27120239, 0.36184865, 0.03377314
0.0, 0.0, 1.0
0.9457646, 0.64294767
0.26085946, 0.320476, -0.0800017
0.0, -0.2425306, -0.9701224
0.94252551, 0.57048982
0.27120239, 0.36184865, -0.09034477
0.0, 0.0, -1.0
0.9457646, 0.5838452
0.27120239, 0.36184865, -0.09034477
1.0, 0.0, 0.0
0.95588088, 0.59396154
0.27120239, 0.36184865, 0.03377314
1.0, 0.0, 0.0
0.95588088, 0.63283139
0.26085946, 0.320476, 0.02342992
0.9701224, -0.2425306, 0.0
0.96923631, 0.62959224
-0.260858, 0.40322116, -0.0800017
-0.50337231, 0.70229197, -0.50337231
0.7791394, 0.59720057
-0.260858, 0.40322116, 0.02342992
-0.50337231, 0.70229197, 0.50337231
0.7791394, 0.62959224
-0.260858, 0.320476, 0.02342992
0.0, -0.2425306, 0.9701224
0.77913946, 0.65630311
-0.27120095, 0.36184865, 0.03377314
0.0, 0.0, 1.0
0.7759003, 0.64294767
-0.27120095, 0.36184865, -0.09034477
0.0, 0.0, -1.0
0.7759003, 0.5838452
-0.260858, 0.320476, -0.0800017
0.0, -0.2425306, -0.9701224
0.7791394, 0.5704897
-0.27120095, 0.36184865, -0.09034477
-1.0, 0.0, 0.0
0.76578403, 0.59396154
-0.27120095, 0.36184865, 0.03377314
-1.0, 0.0, 0.0
0.76578408, 0.63283139
-0.260858, 0.320476, 0.02342992
-0.9701224, -0.2425306, 0.0
0.75242865, 0.62959224
-0.260858, 0.320476, -0.0800017
-0.9701224, -0.2425306, 0.0
0.75242865, 0.59720063
7.2e-07, 0.320476, -0.0800017
0.0, -0.2425306, -0.9701224
0.86083245, 0.57048982
0.26085946, 0.320476, -0.0800017
0.9701224, -0.24250008, 0.0
0.96923631, 0.59720057
0.42820829, 0.02346087, 0.20121865
-0.54176456, -0.80956447, -0.22598957
0.05405943, 0.65273818
0.5179196, 0.06397138, 0.22574846
0.0, -0.51796013, 0.8554033
0.07584872, 0.64123574
0.42820829, 0.06397138, 0.22574846
0.0, -0.51796013, 0.8554033
0.05405943, 0.64123574
0.42820829, 0.06397138, 0.22574846
0.0, 0.51796013, 0.8554033
0.05405943, 0.68391925
0.5179196, 0.104482, 0.20121865
0.54176456, 0.80956447, -0.22598957
0.07584872, 0.67241675
0.42820829, 0.104482, 0.20121865
-0.54176456, 0.80956447, -0.22598957
0.05405943, 0.67241675
0.5179196, 0.02346087, 0.20121865
0.54176456, -0.80956447, -0.22598957
0.07584872, 0.65273818
0.5179196, 0.06397138, 0.22574846
1.0, 0.0, 0.0
0.08180656, 0.66257751
0.42820829, 0.06397138, 0.22574846
-1.0, 0.0, 0.0
0.04810159, 0.66257751
0.39872119, 0.04315786, 0.21654968
-0.23096408, 0.22211371, 0.9472335
0.0855142, 0.64695072
0.42820829, 0.07381993, 0.20735104
-0.62334055, 0.59944457, -0.50209051
0.08328, 0.63661858
0.39872119, 0.04315786, 0.20735098
-0.23096408, 0.22211371, -0.9472335
0.08328, 0.64695072
0.42820829, 0.05630592, 0.21195047
0.25534835, -0.24555193, 0.93511766
0.08866731, 0.63968459
0.42820829, 0.07381993, 0.21654968
-0.62334055, 0.59944457, 0.50206
0.0855142, 0.63661852
0.42820829, 0.05630592, 0.21195047
0.25534835, -0.24555193, -0.93511766
0.08012688, 0.63968468
0.39872119, 0.02564387, 0.21195047
0.25534835, -0.24558245, -0.93511766
0.08012688, 0.65001681
0.5179196, 0.06397138, 0.22574846
0.0, 0.51796013, 0.8554033
0.07584872, 0.68391925
0.39872119, 0.02564387, 0.21195047
0.25534835, -0.24555193, 0.93511766
0.08866731, 0.65001681
0.41591787, -0.1703046, -1.00250185
0.0, -0.18652913, -0.98242134
0.74049711, 0.8174251
1e-08, -0.04244588, -1.00250185
0.0, 0.21570483, -0.97643971
0.86083245, 0.78043237
0.41591787, -0.04244588, -1.00250185
0.0, 0.17389446, -0.98474073
0.74049711, 0.78043243
0.45040309, -0.04244588, -0.96620166
0.88247323, 0.29563281, -0.36582538
0.58123982, 0.7227799
0.45040298, -0.04244585, -0.17197084
0.96227914, 0.27204201, 0.0
0.35149506, 0.72277984
0.45040321, -0.12318476, -0.55038422
1.0, 0.0, 0.0
0.46095756, 0.74613497
1e-08, -0.1703046, -1.00250185
0.0, -0.18823817, -0.98211616
0.86083245, 0.8174251
0.41316897, -0.26152238, -0.9662019
0.0, -0.36973175, -0.92910552
0.7412923, 0.84381679
1e-08, -0.26152238, -0.9662019
0.0, -0.36973175, -0.92910552
0.86083245, 0.84381679
0.31857875, 0.28662354, 0.19078083
0.73607594, 0.62129581, 0.2685934
0.24656293, 0.62759092
0.40491298, 0.05826355, 0.33789229
0.9213233, 0.37580493, 0.09952086
0.20400852, 0.69364795
0.33156672, 0.28662354, 0.15522285
0.78020567, 0.61647391, 0.10586871
0.25684869, 0.62759092
0.42287126, 0.00235194, -0.94539315
0.83468121, 0.46284372, -0.29834896
0.57522058, 0.70982137
0.28675517, 0.31802037, 0.13802443
0.5618763, 0.82601398, 0.04391614
0.26182359, 0.61850885
0.39631096, 0.04187803, 0.78181195
0.70970792, 0.70281076, 0.04818873
0.07559711, 0.69838771
0.39472899, 0.01540922, 0.95521909
0.36594746, 0.91946167, 0.14368114
0.02543622, 0.70604435
0.42287105, 0.00235204, 0.96709412
0.89565724, 0.44029054, 0.06253242
0.02200115, 0.70982131
0.40491298, 0.05826355, 0.37217462
0.94888151, 0.3155919, 0.00100711
0.19409168, 0.69364795
0.42287105, 0.00235204, 0.85122877
0.92040771, 0.38886684, 0.03994873
0.05551702, 0.70982131
0.42287117, 0.00235198, 0.3721751
0.90856653, 0.41770685, 0.0
0.19409159, 0.70982137
0.42275009, -0.23805007, 0.85122854
0.0, -0.10245064, -0.99472028
0.94661713, 0.13304335
0.23219523, -0.17030448, 0.8512283
0.0, -0.14954069, -0.98873866
0.96660203, 0.12593836
0.45040292, -0.17030448, 0.8512283
0.0, -0.17053743, -0.98532057
0.94371682, 0.12593842
0.45040286, -0.04244579, 0.85122901
0.95785391, 0.26471755, 0.111301
0.05551702, 0.72277984
0.42287117, -0.17030442, 0.96331221
0.95263529, -0.19330424, 0.23465683
0.02309504, 0.75976516
0.45040292, -0.17030448, 0.8512283
0.96258432, -0.16605121, 0.21399578
0.0555172, 0.75976516
0.27895442, 0.32348576, -0.19180457
0.0, 0.99996948, 0.0
0.12163487, 0.1875906
1e-08, 0.3234857, -0.17197104
0.0, 0.99993896, 0.00845363
0.11589766, 0.10689771
0.27895451, 0.3234857, -0.17197098
0.0, 0.99993896, 0.00888089
0.11589766, 0.1875906
0.28675517, 0.31802037, 0.13802443
0.00225837, 0.99984741, 0.0155034
0.0262258, 0.18984699
0.10657103, 0.31802025, 0.15458371
0.0, 0.99984741, 0.01672414
0.02143574, 0.13772535
0.22515385, 0.31802025, 0.15458371
0.00250252, 0.99987793, 0.01498459
0.02143574, 0.17202771
1e-08, 0.28662342, 0.21833728
0.0, 0.81301308, 0.58223212
0.8641116, 0.89355872
0.10657103, 0.31802025, 0.15458371
0.0, 0.89709157, 0.44178593
0.89943701, 0.87011459
1e-08, 0.31802025, 0.15458371
0.0, 0.89709157, 0.44178593
0.86411154, 0.87004647
0.28675517, 0.31802037, 0.13802443
0.11545152, 0.87850583, 0.46354565
0.95952547, 0.86609164
0.23353392, 0.28662354, 0.21078382
0.09109775, 0.79546493, 0.59907836
0.94119912, 0.89184675
0.31857875, 0.28662354, 0.19078083
0.16116825, 0.78643149, 0.59620959
0.96966398, 0.88677619
0.14494862, 0.07751995, 0.42556757
0.04113895, 0.70268869, 0.71028781
0.91222483, 0.99098567
0.28989714, 0.07139293, 0.41593939
0.19852291, 0.68742943, 0.6985687
0.96055377, 0.98995934
0.1127435, 0.28662342, 0.21833728
0.01391644, 0.80901515, 0.58757287
0.9013415, 0.89362649
1e-08, 0.07941643, 0.42556757
0.0, 0.7051912, 0.70897549
0.86411154, 0.99059532
0.22515385, 0.31802025, 0.15458371
0.07284768, 0.87939084, 0.47047335
0.93876237, 0.87050858
0.40491298, 0.05826355, 0.37217462
0.10071108, 0.99478132, 0.01602222
0.2696104, 0.23347461
0.40491298, 0.05826355, 0.33789229
0.09469894, 0.99548328, 0.0
0.2696104, 0.22355777
0.38967502, 0.0597131, 0.37797284
0.11371197, 0.9929502, 0.03299051
0.26520252, 0.23515183
0.2789546, 0.3234857, -0.72615707
0.0, 0.99874872, -0.04937895
0.27620542, 0.1875906
1e-08, 0.3234857, -0.19180453
0.0, 1.0, 0.0
0.12163487, 0.10689771
1e-08, 0.3234857, -0.72615701
0.0, 0.99865717, -0.05142369
0.27620542, 0.10689771
0.2978507, 0.31024686, -0.8179943
0.36970124, 0.9187597, -0.138493
0.53836834, 0.62075755
0.26336551, 0.31024686, -0.85429448
0.29166541, 0.91549426, -0.27707756
0.54886878, 0.62075755
0.2789546, 0.3234857, -0.72615707
0.53437912, 0.84511858, -0.0118717
0.51180279, 0.61692801
0.14494862, 0.02883035, 0.97097427
0.02237007, 0.92584002, 0.37720877
0.19441098, 0.40668815
0.28989714, 0.01183441, 0.98638445
0.08749656, 0.81475264, 0.57313758
0.23633996, 0.41114587
0.28989714, 0.02489161, 0.96782321
0.08136234, 0.92196417, 0.37858212
0.23633999, 0.40577668
1e-08, 0.029268, 0.97412521
0.0, 0.92455822, 0.38099307
0.15248194, 0.40759969
0.14494862, 0.01577315, 0.98953551
0.02478103, 0.81762141, 0.57518232
0.19441095, 0.4120574
0.39472899, 0.00235204, 0.97378033
0.13879818, 0.80996126, 0.56978059
0.26666451, 0.40749991
0.39472899, 0.01540922, 0.95521909
0.13034455, 0.90078431, 0.41419721
0.26666451, 0.40213066
1e-08, 0.05719139, 0.80472517
0.0, 0.99386579, 0.11044648
0.15248194, 0.35859764
1e-08, 0.07941643, 0.42556757
0.0, 0.99835199, 0.05697806
0.15248194, 0.24891943
0.14494862, 0.05611855, 0.80354697
0.02151555, 0.99380475, 0.10876797
0.19441098, 0.35825676
0.14494862, 0.07751995, 0.42556757
0.02832118, 0.99807733, 0.05471969
0.19441095, 0.24891943
0.28989714, 0.05148397, 0.79797465
0.07080294, 0.9919126, 0.10528886
0.23633999, 0.35664493
0.28989714, 0.07139293, 0.41593939
0.09118931, 0.99472028, 0.04702902
0.23633996, 0.24613434
0.39631096, 0.04187803, 0.78181195
0.10708945, 0.98962373, 0.09561449
0.26712209, 0.3519696
0.42275009, -0.23805007, 0.85122854
0.90017396, -0.37144077, 0.22730187
0.0555172, 0.77936171
0.38249207, -0.26922718, 0.95766515
0.22861415, -0.14822841, 0.96215707
0.26312473, 0.50390804
0.39472902, -0.17030442, 0.96999902
0.18155462, -0.08044679, 0.98007143
0.26666448, 0.4752928
0.35435003, -0.26922718, 0.96435231
0.18381298, -0.10647908, 0.97717214
0.25498414, 0.50390804
0.42287105, -0.04244579, 0.96709341
0.23114718, -0.01440474, 0.972808
0.27480507, 0.4383074
0.42287117, -0.17030442, 0.96331221
0.23038423, -0.08096561, 0.96969509
0.27480507, 0.47529286
0.28989714, -0.17030442, 0.98260325
0.07724234, -0.05069124, 0.9956969
0.23633999, 0.4752928
0.28989714, -0.26922718, 0.97695631
0.10736412, -0.05664235, 0.99258399
0.23633999, 0.50390804
0.39472899, -0.04244579, 0.97378033
0.17542039, -0.01452681, 0.98437452
0.26666448, 0.4383074
0.14494862, -0.26922718, 0.98010725
0.02166814, -0.05697806, 0.99813837
0.19441095, 0.50390804
0.28989714, -0.04244579, 0.98638445
0.07058931, -0.01470992, 0.99737543
0.23633999, 0.4383074
0.14494862, -0.17030442, 0.98575431
0.02169866, -0.04324473, 0.99880975
0.19441098, 0.4752928
1e-08, -0.26922718, 0.98325831
0.0, -0.05697806, 0.99835199
0.15248194, 0.50390804
0.14494862, -0.04244579, 0.98953551
0.02172918, -0.01477096, 0.99963379
0.19441098, 0.4383074
1e-08, -0.17030442, 0.98890525
0.0, -0.04324473, 0.99905396
0.15248194, 0.4752928
1e-08, -0.04244579, 0.99268669
0.0, -0.01477096, 0.99987793
0.15248194, 0.4383074
0.14494862, 0.01577315, 0.98953551
0.02172918, 0.0, 0.99975586
0.19441095, 0.42146653
1e-08, 0.01621081, 0.99268669
0.0, 0.0, 0.99996948
0.15248194, 0.42133993
0.28989714, 0.01183441, 0.98638445
0.0687582, 0.0, 0.99761957
0.23633996, 0.42260587
0.39472899, 0.00235204, 0.97378033
0.17398602, 0.0, 0.98474073
0.26666451, 0.42534882
0.42287105, 0.00235204, 0.96709412
0.13541062, 0.81035799, 0.57005525
0.27480507, 0.4055658
0.42287105, 0.00235204, 0.96709412
0.23114718, 0.0, 0.97289956
0.27480507, 0.42534882
0.45040309, -0.17030451, -0.9662019
0.91930908, -0.17481002, -0.3525193
0.58123988, 0.75976516
0.41316897, -0.26152238, -0.9662019
0.91390729, -0.37302774, -0.15985595
0.58123988, 0.7861515
0.41591787, -0.1703046, -1.00250185
0.71874142, -0.13086337, -0.68282115
0.59174031, 0.75976519
0.40221879, 0.06665249, -0.94539315
0.85256505, 0.35590684, -0.38261056
0.57522058, 0.69122133
0.29708177, 0.28662342, -0.87849444
0.5155797, 0.70299387, -0.48982209
0.55586898, 0.62759098
0.33156702, 0.28662342, -0.84219438
0.729545, 0.6344493, -0.2553789
0.54536861, 0.62759098
0.41591787, -0.04244588, -1.00250185
0.68492693, 0.32773829, -0.65068513
0.59174031, 0.7227799
0.38838607, 0.00235184, -0.98169291
0.66118354, 0.41016877, -0.62813199
0.5857209, 0.70982143
0.38838607, 0.00235184, -0.98169291
0.0, 0.26822719, -0.96334726
0.7484628, 0.76747128
1e-08, 0.00235184, -0.98169291
0.0, 0.21570483, -0.97643971
0.86083245, 0.76747134
0.26336551, 0.31024686, -0.85429448
0.0, 0.99468976, -0.10275582
0.3132714, 0.18308115
1e-08, 0.31024686, -0.85429448
0.0, 0.99468976, -0.10275582
0.3132714, 0.10689783
0.26336551, 0.31024686, -0.85429448
0.0, 0.71556747, -0.69850767
0.78463435, 0.67838979
1e-08, 0.28662342, -0.87849444
0.0, 0.57942444, -0.81499678
0.86083245, 0.68522459
1e-08, 0.31024686, -0.85429448
0.0, 0.71556747, -0.69850767
0.86083245, 0.67838979
0.29708177, 0.28662342, -0.87849444
0.0, 0.51832634, -0.85515916
0.7748794, 0.68522459
1e-08, 0.06665249, -0.98169363
0.0, 0.21756646, -0.97604299
0.86083245, 0.74886757
0.40948728, 0.04402191, -0.17197093
0.95208591, 0.30579546, 0.0
0.35149506, 0.69776759
0.27895451, 0.3234857, -0.17197098
0.57380903, 0.81896418, 0.0
0.35149506, 0.61692801
0.33156678, 0.28662348, -0.17197116
0.80492568, 0.59334087, 0.0
0.35149515, 0.62759098
0.27895442, 0.32348576, -0.19180457
0.57377851, 0.8189947, 0.0
0.35723227, 0.61692795
0.42287117, 0.00235195, -0.17197093
0.90856653, 0.41770685, 0.0
0.35149506, 0.70982137
0.39960831, -0.29474255, -0.3333109
0.92584002, -0.3779107, 0.0
0.39816537, 0.79576096
0.45040298, -0.17030451, -0.17197084
0.98126161, -0.19254127, 0.0
0.35149506, 0.75976516
0.38940945, -0.31972966, -0.17197084
0.92584002, -0.3779107, 0.0
0.35149506, 0.80298895
0.40229219, -0.28816786, -0.76384234
0.9258095, -0.3779107, 0.0
0.52270395, 0.79385914
0.45040309, -0.17030451, -0.73769742
0.99056977, -0.13678396, 0.0
0.51514101, 0.75976516
0.40635556, -0.29616955, -1.03022826
0.28986481, -0.72063357, -0.62977993
0.35817334, 0.56233329
1e-08, -0.20803222, -1.0489701
0.0, 0.62926114, -0.77715385
0.47758052, 0.53728402
0.42570084, -0.20803222, -1.0489701
0.42979217, 0.50737023, -0.74687946
0.34996757, 0.53728402
0.38463169, 0.12140847, -0.17197093
0.95208591, 0.30579546, 0.0
0.35149506, 0.67538223
0.44901481, -0.20803231, -0.93895
0.76039916, -0.21024202, 0.61445969
0.32330859, 0.55240527
0.40315187, -0.2612572, -0.9355852
0.0, 0.06308176, 0.99798578
0.32451656, 0.57196292
0.42014217, -0.29616961, -0.93337804
0.59974974, -0.14673299, 0.78658408
0.33470562, 0.57564443
1e-08, -0.20803222, -0.9662019
0.0, 0.99996948, 0.0
0.47758052, 0.51376075
0.42058769, -0.20803231, -0.93895
0.0, 1.0, 0.0
0.35804671, 0.50601566
0.42014217, -0.29616955, -1.01192558
0.89883113, -0.31061739, -0.30915251
0.35373843, 0.56484884
0.42014217, -0.29616955, -1.01192558
0.0, -1.0, 0.0
0.35817331, 0.56753501
0.39171511, -0.29616961, -0.93337804
0.0, -0.84875029, 0.52876371
0.36625248, 0.58985862
0.45132443, -0.1847344, 0.9229973
0.801355, -0.17188025, -0.57295448
0.28405786, 0.54719326
0.41130796, -0.28867576, 1.00075066
0.45484787, -0.67906737, 0.57615894
0.25609285, 0.56619731
0.43106297, -0.28867576, 0.9229973
0.73906672, -0.14404736, -0.65800959
0.27519462, 0.57201818
1e-08, -0.1847344, 1.03296864
0.0, 0.64043093, 0.76799828
0.15248193, 0.54001382
1e-08, -0.28867576, 1.01650608
0.0, -0.75264746, 0.65840632
0.15248193, 0.56619731
0.43156946, -0.1847344, 1.01721311
0.56843776, 0.50001526, 0.6533097
0.26119682, 0.54001382
0.45132443, -0.1847344, 0.9229973
0.0, 1.0, 0.0
0.26709557, 0.5160774
0.38141179, -0.1847344, 0.9229973
0.0, 0.99996948, 0.0
0.24920246, 0.51545203
1e-08, -0.28867576, 0.9229973
0.0, -0.70708334, -0.70708334
0.15248193, 0.58956969
0.38141179, -0.28867576, 0.9229973
0.0, -0.89440596, -0.44718772
0.24917424, 0.5864197
0.38141179, -0.26894996, 0.9229973
0.0, 0.0, -1.0
0.28832906, 0.57410103
0.42287105, -0.04244579, 0.96709341
0.98739588, 0.06830043, 0.14258248
0.02200133, 0.72277984
0.45040286, -0.12790832, 0.83810252
0.0, -0.57722712, -0.81655324
0.94371682, 0.12128377
0.23219523, -0.10019065, 0.80090266
0.0, -0.94161808, -0.33664969
0.96660203, 0.1164183
0.45040286, -0.10019065, 0.80090266
0.0, -0.94161808, -0.33664969
0.94371682, 0.1164183
0.39714506, -0.30077925, 0.44494891
0.0, -0.37556079, 0.92678607
0.94930238, 0.06422919
0.23219523, -0.17030448, 0.47047824
0.0, -0.26447341, 0.96438491
0.96660197, 0.07817262
0.23219523, -0.30077925, 0.44494891
0.0, -0.42454299, 0.90539265
0.96660203, 0.06422919
0.45040286, -0.13957897, 0.48141956
0.0, -0.58674884, 0.80974764
0.94371682, 0.08159328
0.45040298, -0.17030448, 0.47047824
0.0, -0.2743614, 0.96160769
0.94371682, 0.07817262
0.40330476, -0.2783424, 0.86282057
0.0, -0.27646717, -0.96099734
0.9486565, 0.13744056
0.23219523, -0.23805007, 0.85122854
0.0, -0.13959166, -0.99020356
0.96660203, 0.13304335
0.23219523, -0.0936259, 0.65939629
0.69292277, -0.72087771, 0.01290933
0.96660203, 0.10156155
0.45040286, -0.0936259, 0.65939629
0.0, -0.99981689, 0.01791437
0.94371682, 0.10156155
0.38940945, -0.31972966, 0.42950791
0.0, -0.63164157, 0.77523118
0.95011365, 0.06166542
0.23219523, -0.31972966, 0.42950791
0.0, -0.63164157, 0.77523118
0.96660197, 0.06166542
0.23219523, -0.10456709, 0.52664316
0.64833522, -0.70964688, 0.27567369
0.96660197, 0.08759135
0.45040286, -0.10456709, 0.52664316
0.0, -0.93212682, 0.3620716
0.94371682, 0.08759141
0.23219523, -0.12790832, 0.83810252
0.0, -0.57722712, -0.81655324
0.96660203, 0.12128377
0.23219523, -0.13957897, 0.48141956
0.0, -0.58674884, 0.80974764
0.96660203, 0.08159322
0.23219523, -0.17030448, 0.47047824
1.0, 0.0, 0.0
0.9729892, 0.08115458
0.45040321, -0.12318476, -0.55038422
0.0, -0.99996948, 0.00729392
0.94378787, 0.3715384
0.23219523, -0.13106242, -0.38845456
0.63539535, -0.70796835, -0.30820644
0.96667302, 0.3885414
0.23219523, -0.12318476, -0.55038422
0.69472337, -0.7192297, 0.00521867
0.96667302, 0.3715384
0.39960831, -0.29474255, -0.3333109
0.0, -0.32221442, -0.94665366
0.9491151, 0.40758181
0.23219523, -0.17030451, -0.34819096
0.0, -0.44270149, -0.8966338
0.96667296, 0.39443797
0.45040298, -0.17030451, -0.34819096
0.0, -0.48637348, -0.8737449
0.94378787, 0.39443797
0.45040309, -0.17030451, -0.73769742
0.0, -0.57420576, 0.81868953
0.94378787, 0.35047692
0.23219523, -0.13193765, -0.68868101
0.0, -0.9345988, 0.35569322
0.96667296, 0.35700512
0.23219523, -0.17030451, -0.73769742
0.0, -0.53328043, 0.84591204
0.96667296, 0.35047692
0.45040333, -0.13106242, -0.38845456
0.0, -0.91686755, -0.39912108
0.94378787, 0.3885414
0.40229219, -0.28816786, -0.76384234
0.0, -0.21655935, 0.97625661
0.94883353, 0.33781517
0.23219523, -0.28816786, -0.76384234
0.0, -0.21655935, 0.97625661
0.96667296, 0.33781517
0.45040333, -0.13193765, -0.68868101
0.0, -0.9345988, 0.35569322
0.94378781, 0.35700512
0.38940945, -0.31972966, -0.31405449
0.0, -0.61040074, -0.79207742
0.9501847, 0.41089028
0.23219523, -0.29474255, -0.3333109
0.0, -0.37812433, -0.92571795
0.96667308, 0.40758181
0.23219523, -0.28816786, -0.76384234
0.99996948, 0.0, 0.0
0.98504347, 0.35001868
0.23219523, -0.29474255, -0.3333109
1.0, 0.0, 0.0
0.98353815, 0.39515203
0.45040298, -0.17030448, 0.47047824
0.98675495, -0.1620838, 0.0
0.16565572, 0.75976516
0.39714506, -0.30077925, 0.44494891
0.92584002, -0.3779107, 0.0
0.17304051, 0.7975072
0.38940945, -0.31972966, 0.42950791
0.92584002, -0.3779107, 0.0
0.17750707, 0.80298895
0.45040286, -0.10019065, 0.80090266
1.0, 0.0, 0.0
0.07007483, 0.73948351
0.45040286, -0.0936259, 0.65939629
0.99996948, 0.0, 0.0
0.11100793, 0.73758456
0.40221858, 0.06665261, -0.17197093
0.95208591, 0.30579546, 0.0
0.35149506, 0.69122133
0.3677336, 0.06665249, -0.98169363
0.67500842, 0.36484879, -0.6412549
0.58572114, 0.69122133
0.3677336, 0.06665249, -0.98169363
0.0, 0.17664114, -0.98425245
0.75443804, 0.74886757
1e-08, -0.2612572, -0.9355852
0.0, 0.06308176, 0.99798578
0.47758055, 0.59980077
1e-08, -0.29616961, -0.93337804
0.0, -0.68440807, 0.72905666
0.47758055, 0.58985862
1e-08, -0.26894996, 0.9229973
0.0, 0.0, -1.0
0.15248193, 0.59457725
0.14494862, -0.26922718, 0.98010725
0.00085452, -0.99697864, 0.07739494
0.92194313, 0.03432971
0.23219523, -0.2783424, 0.86282057
0.00161748, -0.99636829, 0.08496353
0.93868196, 0.05689961
0.28989714, -0.26922718, 0.97695631
0.00943022, -0.99713129, 0.07483138
0.94975227, 0.03493249
1e-08, -0.31972966, 0.42950791
0.0, -0.99884027, 0.04757836
0.89413399, 0.14041138
0.23219523, -0.31972966, 0.42950791
0.0, -0.9994812, 0.03170873
0.93868178, 0.14041138
1e-08, -0.31972966, -0.31405449
0.0, -0.99935913, -0.03500473
0.89413369, 0.3314572
0.23219523, -0.31972966, -0.31405449
0.0, -0.99972534, -0.02331614
0.93868166, 0.33145726
0.38940945, -0.31972966, -0.17197084
0.0, -1.0, 0.0
0.96884412, 0.25580812
0.23219523, -0.28816786, -0.76384234
0.0, -0.99386579, -0.11038545
0.93868154, 0.4179635
1e-08, -0.28816786, -0.76384234
0.0, -0.9949339, -0.10031434
0.89413375, 0.4179635
0.41316897, -0.26152238, -0.9662019
0.0, -0.99142432, -0.13052766
0.97340232, 0.48374176
1e-08, -0.26152238, -0.9662019
0.0, -0.99142432, -0.13052766
0.89413375, 0.48374176
-0.42820829, 0.02346087, 0.20121865
0.54176456, -0.80956447, -0.22598957
0.13154444, 0.65274355
-0.42820829, 0.06397138, 0.22574846
0.0, -0.51796013, 0.8554033
0.13154444, 0.6412411
-0.5179196, 0.06397138, 0.22574846
0.0, -0.51796013, 0.8554033
0.10975516, 0.6412411
-0.42820829, 0.06397138, 0.22574846
0.0, 0.51796013, 0.8554033
0.13154444, 0.68392462
-0.42820829, 0.104482, 0.20121865
0.54176456, 0.80956447, -0.22598957
0.13154444, 0.67242211
-0.5179196, 0.104482, 0.20121865
-0.54176456, 0.80956447, -0.22598957
0.10975516, 0.67242211
-0.5179196, 0.02346087, 0.20121865
-0.54176456, -0.80956447, -0.22598957
0.10975516, 0.65274355
-0.5179196, 0.06397138, 0.22574846
-1.0, 0.0, 0.0
0.10379732, 0.66258287
-0.42820829, 0.06397138, 0.22574846
1.0, 0.0, 0.0
0.13750228, 0.66258287
-0.39872119, 0.04315786, 0.21654968
0.23096408, 0.22211371, 0.9472335
0.10188612, 0.64659303
-0.39872119, 0.04315786, 0.20735098
0.23096408, 0.22211371, -0.9472335
0.10412032, 0.64659303
-0.42820829, 0.07381993, 0.20735104
0.62334055, 0.59944457, -0.50209051
0.10412032, 0.6362609
-0.42820829, 0.07381993, 0.21654968
0.62334055, 0.59944457, 0.50206
0.10188612, 0.6362609
-0.42820829, 0.05630592, 0.21195047
-0.25534835, -0.24555193, 0.93511766
0.09873304, 0.63932699
-0.39872119, 0.02564387, 0.21195047
-0.25534835, -0.24558245, -0.93511766
0.10727346, 0.64965913
-0.42820829, 0.05630592, 0.21195047
-0.25534835, -0.24555193, -0.93511766
0.10727343, 0.63932699
-0.5179196, 0.06397138, 0.22574846
0.0, 0.51796013, 0.8554033
0.10975516, 0.68392462
-0.39872119, 0.02564387, 0.21195047
-0.25534835, -0.24555193, 0.93511766
0.098733, 0.64965913
-0.41591787, -0.1703046, -1.00250185
0.0, -0.18652913, -0.98242134
0.98116791, 0.8174251
-0.41591787, -0.04244588, -1.00250185
0.0, 0.17389446, -0.98474073
0.98116791, 0.78043243
-0.45040333, -0.13193765, -0.68868101
-1.0, 0.0, 0.0
0.50096112, 0.86070508
-0.45040321, -0.12318476, -0.55038422
-1.0, 0.0, 0.0
0.46095669, 0.86323699
-0.45040309, -0.04244588, -0.96620166
-0.88247323, 0.29563281, -0.36582538
0.58123803, 0.8865919
-0.41316897, -0.26152238, -0.9662019
0.0, -0.36973175, -0.92910552
0.98037267, 0.84381679
-0.40491295, 0.05826355, 0.33789229
-0.9213233, 0.37580493, 0.09952086
0.2040097, 0.91572358
-0.31857875, 0.28662354, 0.19078083
-0.73607594, 0.62129581, 0.2685934
0.24656381, 0.98178013
-0.33156672, 0.28662354, 0.15522285
-0.78020567, 0.61647391, 0.10586871
0.25684947, 0.98178013
-0.42287126, 0.00235194, -0.94539315
-0.83468121, 0.46284372, -0.29834896
0.57521886, 0.89955032
-0.45040298, -0.04244585, -0.17197084
-0.96227914, 0.27204201, 0.0
0.35149509, 0.88659193
-0.42287114, 0.00235195, -0.17197093
-0.90856653, 0.41770685, 0.0
0.35149506, 0.89955032
-0.28675514, 0.31802037, 0.13802443
-0.5618763, 0.82601398, 0.04391614
0.26182437, 0.99086209
-0.39631096, 0.04187803, 0.78181195
-0.70970792, 0.70281076, 0.04818873
0.07559931, 0.91098383
-0.42287105, 0.00235204, 0.96709412
-0.89565724, 0.44029054, 0.06253242
0.02200374, 0.89955039
-0.39472896, 0.01540922, 0.95521909
-0.36594746, 0.91946167, 0.14368114
0.02543879, 0.90332733
-0.42287105, 0.00235204, 0.85122877
-0.92040771, 0.38886684, 0.03994873
0.05551937, 0.89955039
-0.40491295, 0.05826355, 0.37217462
-0.94888151, 0.3155919, 0.00100711
0.19409296, 0.91572358
-0.42287114, 0.00235198, 0.3721751
-0.90856653, 0.41770685, 0.0
0.19409287, 0.89955034
-0.2321952, -0.17030448, 0.8512283
0.0, -0.14954069, -0.98873866
0.82340026, 0.12413484
-0.42275009, -0.23805007, 0.85122854
0.0, -0.10245064, -0.99472028
0.84338522, 0.13123983
-0.45040292, -0.17030448, 0.8512283
0.0, -0.17053743, -0.98532057
0.8462854, 0.12413484
-0.42287114, -0.17030442, 0.96331221
-0.95263529, -0.19330424, 0.23465683
0.0230976, 0.84960695
-0.45040286, -0.04244579, 0.85122901
-0.95785391, 0.26471755, 0.111301
0.05551937, 0.88659195
-0.45040292, -0.17030448, 0.8512283
-0.96258432, -0.16605121, 0.21399578
0.05551961, 0.84960695
-0.27895439, 0.32348576, -0.19180457
0.0, 0.99996948, 0.0
0.12163487, 0.02620512
-0.27895445, 0.3234857, -0.17197098
0.0, 0.99993896, 0.00888089
0.11589766, 0.02620512
-0.28675514, 0.31802037, 0.13802443
-0.00225837, 0.99984741, 0.0155034
0.0262258, 0.02394867
-0.2251538, 0.31802025, 0.15458371
-0.00250252, 0.99987793, 0.01498459
0.02143574, 0.04176795
-0.106571, 0.31802025, 0.15458371
0.0, 0.99984741, 0.01672414
0.02143574, 0.07607019
-0.106571, 0.31802025, 0.15458371
0.0, 0.89709157, 0.44178593
0.82878619, 0.87011459
-0.23353392, 0.28662354, 0.21078382
-0.09109775, 0.79546493, 0.59907836
0.78702414, 0.89184675
-0.28675514, 0.31802037, 0.13802443
-0.11545152, 0.87850583, 0.46354565
0.76869774, 0.86609164
-0.31857875, 0.28662354, 0.19078083
-0.16116825, 0.78643149, 0.59620959
0.75855929, 0.88677613
-0.14494859, 0.07751995, 0.42556757
-0.04113895, 0.70268869, 0.71028781
0.81599826, 0.99098567
-0.28989714, 0.07139293, 0.41593939
-0.19852291, 0.68742943, 0.6985687
0.76766938, 0.98995934
-0.11274347, 0.28662342, 0.21833728
-0.01391644, 0.80901515, 0.58757287
0.82688171, 0.89362643
-0.2251538, 0.31802025, 0.15458371
-0.07284768, 0.87939084, 0.47047335
0.78946078, 0.87050858
-0.40491295, 0.05826355, 0.37217462
-0.10071108, 0.99478132, 0.01602222
0.03535353, 0.23347461
-0.38967502, 0.0597131, 0.37797284
-0.11371197, 0.9929502, 0.03299051
0.03976136, 0.23515183
-0.40491295, 0.05826355, 0.33789229
-0.09469894, 0.99548328, 0.0
0.03535353, 0.22355777
-0.27895457, 0.3234857, -0.72615707
0.0, 0.99874872, -0.04937895
0.27620542, 0.02620512
-0.2978507, 0.31024686, -0.8179943
-0.36970124, 0.9187597, -0.138493
0.53836685, 0.98861347
-0.27895457, 0.3234857, -0.72615707
-0.53437912, 0.84511858, -0.0118717
0.51180166, 0.99244301
-0.26336551, 0.31024686, -0.85429448
-0.29166541, 0.91549426, -0.27707756
0.54886729, 0.98861347
-0.28989714, 0.01183441, 0.98638445
-0.08749656, 0.81475264, 0.57313758
0.06862392, 0.41114587
-0.14494859, 0.02883035, 0.97097427
-0.02237007, 0.92584002, 0.37720877
0.11055296, 0.40668815
-0.28989714, 0.02489161, 0.96782321
-0.08136234, 0.92196417, 0.37858212
0.06862392, 0.40577668
-0.14494859, 0.01577315, 0.98953551
-0.02478103, 0.81762141, 0.57518232
0.11055296, 0.4120574
-0.39472896, 0.00235204, 0.97378033
-0.13879818, 0.80996126, 0.56978059
0.03829943, 0.40749991
-0.39472896, 0.01540922, 0.95521909
-0.13034455, 0.90078431, 0.41419721
0.03829943, 0.40213066
-0.14494859, 0.05611855, 0.80354697
-0.02151555, 0.99380475, 0.10876797
0.11055296, 0.35825676
-0.28989714, 0.05148397, 0.79797465
-0.07080294, 0.9919126, 0.10528886
0.06862392, 0.35664493
-0.14494859, 0.07751995, 0.42556757
-0.02832118, 0.99807733, 0.05471969
0.11055296, 0.24891943
-0.39631096, 0.04187803, 0.78181195
-0.10708945, 0.98962373, 0.09561449
0.03784179, 0.3519696
-0.28989714, 0.07139293, 0.41593939
-0.09118931, 0.99472028, 0.04702902
0.06862392, 0.24613434
-0.42275009, -0.23805007, 0.85122854
-0.90017396, -0.37144077, 0.22730187
0.05551955, 0.83001052
-0.38249207, -0.26922718, 0.95766515
-0.89764094, -0.37632373, 0.22928557
0.02473116, 0.82099208
-0.38249207, -0.26922718, 0.95766515
-0.22861415, -0.14822841, 0.96215707
0.04183915, 0.50390804
-0.39472902, -0.17030442, 0.96999902
-0.18155462, -0.08044679, 0.98007143
0.0382994, 0.4752928
-0.42287114, -0.17030442, 0.96331221
-0.23038423, -0.08096561, 0.96969509
0.03015881, 0.47529286
-0.42287105, -0.04244579, 0.96709341
-0.23114718, -0.01440474, 0.972808
0.03015881, 0.4383074
-0.35435003, -0.26922718, 0.96435231
-0.18381298, -0.10647908, 0.97717214
0.04997974, 0.50390804
-0.28989714, -0.17030442, 0.98260325
-0.07724234, -0.05069124, 0.9956969
0.06862392, 0.4752928
-0.39472896, -0.04244579, 0.97378033
-0.17542039, -0.01452681, 0.98437452
0.03829943, 0.4383074
-0.14494859, -0.26922718, 0.98010725
-0.02166814, -0.05697806, 0.99813837
0.11055296, 0.50390804
-0.28989714, -0.26922718, 0.97695631
-0.10736412, -0.05664235, 0.99258399
0.06862392, 0.50390804
-0.14494859, -0.17030442, 0.98575431
-0.02169866, -0.04324473, 0.99880975
0.11055296, 0.4752928
-0.28989714, -0.04244579, 0.98638445
-0.07058931, -0.01470992, 0.99737543
0.06862392, 0.4383074
-0.14494859, -0.04244579, 0.98953551
-0.02172918, -0.01477096, 0.99963379
0.11055296, 0.4383074
-0.14494859, 0.01577315, 0.98953551
-0.02172918, 0.0, 0.99975586
0.11055296, 0.42146653
-0.28989714, 0.01183441, 0.98638445
-0.0687582, 0.0, 0.99761957
0.06862392, 0.42260587
-0.39472896, 0.00235204, 0.97378033
-0.17398602, 0.0, 0.98474073
0.03829943, 0.42534882
-0.42287105, 0.00235204, 0.96709412
-0.13541062, 0.81035799, 0.57005525
0.03015881, 0.4055658
-0.42287105, 0.00235204, 0.96709412
-0.23114718, 0.0, 0.97289956
0.03015881, 0.42534882
-0.45040309, -0.17030451, -0.9662019
-0.91930908, -0.17481002, -0.3525193
0.58123809, 0.84960692
-0.41591787, -0.1703046, -1.00250185
-0.71874142, -0.13086337, -0.68282115
0.59173846, 0.84960686
-0.41316897, -0.26152238, -0.9662019
-0.91390729, -0.37302774, -0.15985595
0.58123809, 0.82322077
-0.29708177, 0.28662342, -0.87849444
-0.5155797, 0.70299387, -0.48982209
0.55586743, 0.98178004
-0.40221879, 0.06665249, -0.94539315
-0.85256505, 0.35590684, -0.38261056
0.57521886, 0.91815021
-0.33156699, 0.28662342, -0.84219438
-0.729545, 0.6344493, -0.2553789
0.54536712, 0.98178004
-0.41591787, -0.04244588, -1.00250185
-0.68492693, 0.32773829, -0.65068513
0.59173846, 0.8865919
-0.38838604, 0.00235184, -0.98169291
0.0, 0.26822719, -0.96334726
0.97320223, 0.76747128
-0.26336551, 0.31024686, -0.85429448
0.0, 0.99468976, -0.10275582
0.3132714, 0.03071445
-0.26336551, 0.31024686, -0.85429448
0.0, 0.71556747, -0.69850767
0.93703067, 0.67838979
-0.29708177, 0.28662342, -0.87849444
0.0, 0.51832634, -0.85515916
0.94678557, 0.68522459
-0.3677336, 0.06665249, -0.98169363
0.0, 0.17664114, -0.98425245
0.96722686, 0.74886757
-0.40948728, 0.04402191, -0.17197093
-0.95208591, 0.30579546, 0.0
0.35149509, 0.91160398
-0.27895445, 0.3234857, -0.17197098
-0.57380903, 0.81896418, 0.0
0.35149509, 0.992443
-0.33156678, 0.28662348, -0.17197116
-0.80492568, 0.59334087, 0.0
0.35149515, 0.98178007
-0.27895439, 0.32348576, -0.19180457
-0.57377851, 0.81896418, 0.0
0.35723227, 0.99244301
-0.45040298, -0.17030451, -0.17197084
-0.98126161, -0.19254127, 0.0
0.35149506, 0.84960692
-0.45040298, -0.17030451, -0.34819096
-0.9891659, -0.14670247, 0.0
0.4024694, 0.84960692
-0.39960828, -0.29474255, -0.3333109
-0.92584002, -0.3779107, 0.0
0.39816505, 0.81361134
-0.40229216, -0.28816786, -0.76384234
-0.9258095, -0.3779107, 0.0
0.52270269, 0.81551319
-0.45040309, -0.17030451, -0.73769742
-0.99056977, -0.13678396, 0.0
0.51513988, 0.84960692
-0.40635556, -0.29616955, -1.03022826
-0.28986481, -0.72063357, -0.62977993
0.59698778, 0.56233329
-0.42570084, -0.20803222, -1.0489701
-0.42979217, 0.50737023, -0.74687946
0.6051935, 0.53728402
-0.38463169, 0.12140847, -0.17197093
-0.95208591, 0.30579546, 0.0
0.35149506, 0.93398918
-0.40315187, -0.2612572, -0.9355852
0.0, 0.06308176, 0.99798578
0.63064456, 0.57196286
-0.42058766, -0.20803231, -0.93895
0.0, 0.06308176, 0.99798578
0.63752699, 0.55792901
-0.44901481, -0.20803231, -0.93895
-0.76039916, -0.21024202, 0.61445969
0.63185239, 0.55240527
-0.42058766, -0.20803231, -0.93895
0.0, 1.0, 0.0
0.59711426, 0.50601566
-0.44901481, -0.20803225, -1.01192582
0.0, 0.99996948, 0.0
0.6051935, 0.52668104
-0.42014217, -0.29616955, -1.01192558
-0.89883113, -0.31061739, -0.30915251
0.60148644, 0.56488496
-0.42014217, -0.29616961, -0.93337804
-0.59974974, -0.14673299, 0.78658408
0.62045544, 0.57564443
1e-08, -0.29616955, -1.03022826
0.0, -0.77715385, -0.62926114
0.47758052, 0.56233329
-0.39171511, -0.29616961, -0.93337804
0.0, -0.84875029, 0.52876371
0.58890855, 0.58985862
-0.41130796, -0.28867576, 1.00075066
-0.45484787, -0.67906737, 0.57615894
0.04887101, 0.56619731
-0.4513244, -0.1847344, 0.9229973
-0.801355, -0.17188025, -0.57295448
0.02090602, 0.54719326
-0.43106297, -0.28867576, 0.9229973
-0.73906672, -0.14404736, -0.65800959
0.02976921, 0.57201821
-0.43156946, -0.1847344, 1.01721311
-0.56843776, 0.50001526, 0.6533097
0.04376702, 0.54001382
-0.38141179, -0.1847344, 0.9229973
0.0, 1.0, 0.0
0.05576137, 0.51545197
-0.38141179, -0.28867576, 0.9229973
0.0, -0.89440596, -0.44718772
0.05578969, 0.58641973
-0.38141179, -0.26894996, 0.9229973
0.0, 0.0, -1.0
0.01663475, 0.57410109
-0.38141179, -0.28867576, 0.9229973
0.0, 0.0, -1.0
0.01913998, 0.57832399
-0.42287105, -0.04244579, 0.96709341
-0.98739588, 0.06830043, 0.14258248
0.02200392, 0.88659195
-0.2321952, -0.10019065, 0.80090266
0.0, -0.94161808, -0.33664969
0.82340032, 0.1146149
-0.45040286, -0.12790832, 0.83810252
0.0, -0.57722712, -0.81655324
0.8462854, 0.11948031
-0.45040286, -0.10019065, 0.80090266
0.0, -0.94161808, -0.33664969
0.8462854, 0.11461478
-0.39714506, -0.30077925, 0.44494891
0.0, -0.37556079, 0.92678607
0.84069985, 0.06242567
-0.2321952, -0.17030448, 0.47047824
0.0, -0.26447341, 0.96438491
0.82340026, 0.07636911
-0.45040298, -0.17030448, 0.47047824
0.0, -0.2743614, 0.96160769
0.8462854, 0.07636911
-0.45040286, -0.13957897, 0.48141956
0.0, -0.58674884, 0.80974764
0.8462854, 0.07978982
-0.2321952, -0.23805007, 0.85122854
0.0, -0.13959166, -0.99020356
0.82340026, 0.13123983
-0.40330476, -0.2783424, 0.86282057
0.0, -0.27646717, -0.96099734
0.84134579, 0.1356371
-0.2321952, -0.0936259, 0.65939629
-0.69292277, -0.72087771, 0.01290933
0.82340032, 0.09975803
-0.45040286, -0.0936259, 0.65939629
0.0, -0.99981689, 0.01791437
0.8462854, 0.09975797
-0.38940945, -0.31972966, 0.42950791
0.0, -0.63164157, 0.77523118
0.83988851, 0.05986196
-0.2321952, -0.30077925, 0.44494891
0.0, -0.42454299, 0.90539265
0.82340026, 0.06242567
-0.2321952, -0.10456709, 0.52664316
-0.64833522, -0.70964688, 0.27567369
0.82340032, 0.08578795
-0.45040286, -0.10456709, 0.52664316
0.0, -0.93212682, 0.3620716
0.8462854, 0.08578795
-0.2321952, -0.13957897, 0.48141956
0.0, -0.58674884, 0.80974764
0.82340032, 0.07978982
-0.2321952, -0.23805007, 0.85122854
-1.0, 0.0, 0.0
0.80665201, 0.1185649
-0.2321952, -0.30077925, 0.44494891
-1.0, 0.0, 0.0
0.80359524, 0.07555872
-0.2321952, -0.12318476, -0.55038422
-0.69472337, -0.7192297, 0.00521867
0.82237589, 0.3716827
-0.45040333, -0.13106242, -0.38845456
0.0, -0.91686755, -0.39912108
0.8452611, 0.38868564
-0.45040321, -0.12318476, -0.55038422
0.0, -0.99996948, 0.00729392
0.8452611, 0.3716827
-0.2321952, -0.17030451, -0.34819096
0.0, -0.44270149, -0.8966338
0.82237583, 0.39458221
-0.39960828, -0.29474255, -0.3333109
0.0, -0.32221442, -0.94665366
0.83993381, 0.40772605
-0.45040298, -0.17030451, -0.34819096
0.0, -0.48637348, -0.8737449
0.84526104, 0.39458221
-0.45040309, -0.17030451, -0.73769742
0.0, -0.57420576, 0.81868953
0.84526104, 0.35062116
-0.2321952, -0.13193765, -0.68868101
0.0, -0.9345988, 0.35569322
0.82237583, 0.35714936
-0.45040333, -0.13193765, -0.68868101
0.0, -0.9345988, 0.35569322
0.8452611, 0.35714936
-0.2321952, -0.13106242, -0.38845456
-0.63539535, -0.70796835, -0.30820644
0.82237589, 0.38868564
-0.40229216, -0.28816786, -0.76384234
0.0, -0.21655935, 0.97625661
0.84021527, 0.33795947
-0.2321952, -0.17030451, -0.73769742
0.0, -0.53328043, 0.84591204
0.82237583, 0.35062116
-0.2321952, -0.29474255, -0.3333109
0.0, -0.37812433, -0.92571795
0.82237583, 0.40772605
-0.38940945, -0.31972966, -0.31405449
0.0, -0.61040074, -0.79207742
0.83886415, 0.41103452
-0.2321952, -0.13193765, -0.68868101
-1.0, 0.0, 0.0
0.82075423, 0.35724026
-0.2321952, -0.28816786, -0.76384234
-0.99996948, 0.0, 0.0
0.80400544, 0.35016298
-0.38940945, -0.31972966, 0.42950791
-0.92584002, -0.3779107, 0.0
0.17750844, 0.80638348
-0.45040298, -0.17030448, 0.47047824
-0.98675495, -0.1620838, 0.0
0.16565724, 0.84960695
-0.45040286, -0.0936259, 0.65939629
-0.99996948, 0.0, 0.0
0.11100988, 0.87178734
-0.45040286, -0.10456709, 0.52664316
-1.0, 0.0, 0.0
0.14941065, 0.86862244
-0.40221855, 0.06665261, -0.17197093
-0.95208591, 0.30579546, 0.0
0.35149509, 0.91815023
-0.38838604, 0.00235184, -0.98169291
-0.66118354, 0.41016877, -0.62813199
0.58571911, 0.8995503
-0.3677336, 0.06665249, -0.98169363
-0.67500842, 0.36484879, -0.6412549
0.58571935, 0.91815021
1e-08, -0.2783424, 0.86282057
0.0, -0.99630725, 0.08569597
0.89413399, 0.05689961
-0.14494859, -0.26922718, 0.98010725
-0.00085452, -0.99697864, 0.07739494
0.86632472, 0.03432971
-0.2321952, -0.2783424, 0.86282057
-0.00161748, -0.99636829, 0.08496353
0.84958607, 0.05689961
-0.2321952, -0.31972966, 0.42950791
0.0, -0.9994812, 0.03170873
0.84958607, 0.14041138
-0.38940945, -0.31972966, -0.17197084
0.0, -1.0, 0.0
0.81942362, 0.25580812
-0.2321952, -0.28816786, -0.76384234
0.0, -0.99386579, -0.11038545
0.84958595, 0.4179635
0.44901481, -0.20803225, -1.01192558
0.91979736, -0.30130926, -0.2512894
0.34099132, 0.54237545
0.45040298, -0.17030451, -0.34819096
0.9891659, -0.14670247, 0.0
0.40246972, 0.75976516
0.45040333, -0.13106242, -0.38845456
1.0, 0.0, 0.0
0.41411662, 0.74841371
0.45040333, -0.13193765, -0.68868101
1.0, 0.0, 0.0
0.50096226, 0.74866685
0.38967502, 0.0597131, 0.37797284
0.81676686, 0.49723807, 0.29251993
0.19241448, 0.69322869
1e-08, 0.31802025, 0.15458371
0.0, 0.99984741, 0.01672414
0.02143574, 0.10689783
1e-08, 0.01621081, 0.99268669
0.0, 0.81789607, 0.57533497
0.15248194, 0.41296887
0.38249207, -0.26922718, 0.95766515
0.89764094, -0.37632373, 0.22928557
0.0247286, 0.78838025
0.40330476, -0.2783424, 0.86282057
0.90035707, -0.36750388, 0.23288675
0.05216408, 0.791017
0.38967502, 0.0597131, 0.37797284
0.3334147, 0.65990174, 0.67326885
0.99554336, 0.98359356
0.38940945, -0.31972966, -0.31405449
0.92584002, -0.37788019, 0.0
0.39259517, 0.8029889
0.39171511, -0.29616961, -0.93337804
0.0, 0.06308176, 0.99798578
0.32903111, 0.5811682
0.42058769, -0.20803231, -0.93895
0.0, 0.06308176, 0.99798578
0.31763405, 0.55792904
0.44901481, -0.20803231, -0.93895
0.0, 1.0, 0.0
0.34996757, 0.50601566
0.44901481, -0.20803225, -1.01192558
0.0, 1.0, 0.0
0.34996757, 0.52675575
0.42014217, -0.29616961, -0.93337804
0.0, -1.0, 0.0
0.35817334, 0.58985862
1e-08, -0.1847344, 0.9229973
0.0, 1.0, 0.0
0.15248193, 0.51245737
0.43106297, -0.28867576, 0.9229973
0.0, -1.0, 0.0
0.26190436, 0.58594292
0.38141179, -0.1847344, 0.9229973
0.0, 0.0, -1.0
0.29902461, 0.55607229
0.38141179, -0.28867576, 0.9229973
0.0, 0.0, -1.0
0.28582385, 0.57832399
0.23219523, -0.2783424, 0.86282057
0.0, -0.27646717, -0.96099734
0.96660209, 0.13744056
0.23219523, -0.23805007, 0.85122854
1.0, 0.0, 0.0
0.98335034, 0.1203683
0.23219523, -0.2783424, 0.86282057
0.99996948, 0.0, 0.0
0.98766166, 0.12123281
0.23219523, -0.30077925, 0.44494891
1.0, 0.0, 0.0
0.98640698, 0.07736218
0.23219523, -0.31972966, 0.42950791
1.0, 0.0, 0.0
0.98825479, 0.07558489
0.23219523, -0.12790832, 0.83810252
1.0, 0.0, 0.0
0.97172487, 0.11994511
0.23219523, -0.17030448, 0.8512283
1.0, 0.0, 0.0
0.9762693, 0.12095171
0.23219523, -0.10019065, 0.80090266
1.0, 0.0, 0.0
0.96850723, 0.1162957
0.23219523, -0.13957897, 0.48141956
1.0, 0.0, 0.0
0.96987194, 0.0825628
0.23219523, -0.31972966, -0.31405449
0.0, -0.61040074, -0.79207742
0.96667308, 0.41089028
0.23219523, -0.17030451, -0.34819096
1.0, 0.0, 0.0
0.97057861, 0.39295912
0.23219523, -0.31972966, -0.31405449
1.0, 0.0, 0.0
0.98605752, 0.39729655
0.23219523, -0.17030451, -0.73769742
1.0, 0.0, 0.0
0.97256356, 0.35215676
0.23219523, -0.13193765, -0.68868101
1.0, 0.0, 0.0
0.96829468, 0.35709596
0.45040286, -0.12790832, 0.83810252
1.0, 0.0, 0.0
0.05931422, 0.74750134
0.45040286, -0.13957897, 0.48141956
1.0, 0.0, 0.0
0.16249077, 0.75087729
0.45040286, -0.10456709, 0.52664316
1.0, 0.0, 0.0
0.14940906, 0.74074951
0.40315187, -0.2612572, -0.9355852
0.0, 0.06308176, 0.99798578
0.36300206, 0.5998008
0.38141179, -0.26894996, 0.9229973
0.0, 0.0, -1.0
0.24933702, 0.59142888
0.40330476, -0.2783424, 0.86282057
0.00408948, -0.99578846, 0.09137242
0.97151011, 0.05690384
0.38249207, -0.26922718, 0.95766515
0.02395703, -0.99459821, 0.10083316
0.96751934, 0.03862298
0.35435003, -0.26922718, 0.96435231
0.01092563, -0.99606311, 0.08783227
0.96211928, 0.03734374
1e-08, -0.26922718, 0.98325831
0.0, -0.99713129, 0.07544176
0.89413399, 0.03372705
0.38940945, -0.31972966, 0.42950791
0.0, -1.0, 0.0
0.96884423, 0.14041138
0.38940945, -0.31972966, -0.31405449
0.0, -1.0, 0.0
0.968844, 0.33145732
0.40229219, -0.28816786, -0.76384234
0.0, -0.99142432, -0.13052766
0.97131556, 0.4179635
-0.45040333, -0.13106242, -0.38845456
-1.0, 0.0, 0.0
0.4141162, 0.86095828
-0.38967502, 0.0597131, 0.37797284
-0.81676686, 0.49723807, 0.29251993
0.19241576, 0.91614287
-0.40330476, -0.2783424, 0.86282057
-0.90035707, -0.36750388, 0.23288675
0.05216643, 0.81835538
-0.38967502, 0.0597131, 0.37797284
-0.3334147, 0.65990174, 0.67326885
0.73267978, 0.98359356
-0.38940945, -0.31972966, -0.31405449
-0.92584002, -0.37788019, 0.0
0.39259487, 0.80638348
-0.38940945, -0.31972966, -0.17197084
-0.92584002, -0.3779107, 0.0
0.35149506, 0.80638348
-0.39171511, -0.29616961, -0.93337804
0.0, 0.06308176, 0.99798578
0.62612998, 0.5811682
-0.44901481, -0.20803231, -0.93895
0.0, 1.0, 0.0
0.6051935, 0.50601563
-0.44901481, -0.20803225, -1.01192582
-0.91979736, -0.30130926, -0.2512894
0.61423343, 0.54241157
-0.42014217, -0.29616955, -1.01192558
0.0, -1.0, 0.0
0.59698778, 0.56760973
-0.42014217, -0.29616961, -0.93337804
0.0, -1.0, 0.0
0.59698778, 0.58985862
-0.4513244, -0.1847344, 0.9229973
0.0, 1.0, 0.0
0.03786825, 0.51607737
-0.43106297, -0.28867576, 0.9229973
0.0, -1.0, 0.0
0.04305949, 0.58594304
-0.38141179, -0.1847344, 0.9229973
0.0, 0.0, -1.0
0.00593919, 0.55607232
-0.2321952, -0.12790832, 0.83810252
0.0, -0.57722712, -0.81655324
0.82340032, 0.11948019
-0.2321952, -0.2783424, 0.86282057
0.0, -0.27646717, -0.96099734
0.82340026, 0.13563704
-0.2321952, -0.31972966, 0.42950791
0.0, -0.63164157, 0.77523118
0.82340026, 0.05986196
-0.2321952, -0.17030448, 0.8512283
-1.0, 0.0, 0.0
0.81373304, 0.11914843
-0.2321952, -0.10019065, 0.80090266
-1.0, 0.0, 0.0
0.82149506, 0.11449224
-0.2321952, -0.12790832, 0.83810252
-1.0, 0.0, 0.0
0.81827748, 0.11814171
-0.2321952, -0.17030448, 0.47047824
-1.0, 0.0, 0.0
0.81701303, 0.07935113
-0.2321952, -0.13957897, 0.48141956
-1.0, 0.0, 0.0
0.82013023, 0.08075947
-0.2321952, -0.31972966, 0.42950791
-1.0, 0.0, 0.0
0.8017475, 0.07378155
-0.2321952, -0.2783424, 0.86282057
-0.99996948, 0.0, 0.0
0.80234069, 0.11942941
-0.2321952, -0.28816786, -0.76384234
0.0, -0.21655935, 0.97625661
0.82237583, 0.33795947
-0.2321952, -0.31972966, -0.31405449
0.0, -0.61040074, -0.79207742
0.82237583, 0.41103452
-0.2321952, -0.29474255, -0.3333109
-1.0, 0.0, 0.0
0.8055107, 0.39529634
-0.2321952, -0.17030451, -0.34819096
-1.0, 0.0, 0.0
0.8184703, 0.39310336
-0.2321952, -0.17030451, -0.73769742
-1.0, 0.0, 0.0
0.81648535, 0.35230106
-0.2321952, -0.31972966, -0.31405449
-1.0, 0.0, 0.0
0.80299139, 0.39744079
-0.39714506, -0.30077925, 0.44494891
-0.92584002, -0.3779107, 0.0
0.17304192, 0.8118652
-0.45040286, -0.13957897, 0.48141956
-1.0, 0.0, 0.0
0.16249226, 0.85849477
-0.45040286, -0.12790832, 0.83810252
-1.0, 0.0, 0.0
0.05931655, 0.86187069
-0.45040286, -0.10019065, 0.80090266
-1.0, 0.0, 0.0
0.07007703, 0.8698884
-0.40315187, -0.2612572, -0.9355852
0.0, 0.06308176, 0.99798578
0.59215891, 0.59980071
-0.38141179, -0.26894996, 0.9229973
0.0, 0.0, -1.0
0.05562686, 0.59142888
-0.35435003, -0.26922718, 0.96435231
-0.01092563, -0.99606311, 0.08783227
0.82614869, 0.03734374
-0.38249207, -0.26922718, 0.95766515
-0.02395703, -0.99459821, 0.10083316
0.82074863, 0.03862298
-0.40330476, -0.2783424, 0.86282057
-0.00408948, -0.99578846, 0.09137242
0.81675786, 0.05690384
-0.28989714, -0.26922718, 0.97695631
-0.00943022, -0.99713129, 0.07483138
0.83851558, 0.03493249
-0.38940945, -0.31972966, 0.42950791
0.0, -1.0, 0.0
0.81942374, 0.14041138
-0.38940945, -0.31972966, -0.31405449
0.0, -1.0, 0.0
0.81942362, 0.3314572
-0.2321952, -0.31972966, -0.31405449
0.0, -0.99972534, -0.02331614
0.84958595, 0.3314572
-0.41316897, -0.26152238, -0.9662019
0.0, -0.99142432, -0.13052766
0.81486517, 0.4837417
-0.40229216, -0.28816786, -0.76384234
0.0, -0.99142432, -0.13052766
0.81695193, 0.4179635
# Number of Faces:
666
# Face Data:
0, 1, 2
3, 4, 5
6, 7, 2
0, 3, 8
1, 9, 10
5, 11, 12
13, 2, 14
1, 8, 15
16, 10, 17
9, 18, 19
10, 9, 20
18, 21, 22
20, 23, 24
25, 6, 26
0, 2, 7
3, 5, 8
6, 2, 13
0, 8, 1
1, 10, 2
5, 12, 8
13, 14, 27
1, 15, 28
16, 17, 29
9, 19, 20
10, 20, 17
18, 22, 19
20, 24, 17
30, 31, 32
33, 34, 35
36, 37, 38
39, 30, 40
36, 41, 33
42, 41, 43
33, 44, 34
45, 46, 38
38, 47, 36
48, 49, 50
51, 52, 53
54, 55, 34
55, 35, 34
56, 54, 52
40, 57, 39
39, 58, 59
60, 40, 61
49, 62, 37
63, 64, 65
66, 67, 68
69, 70, 71
64, 72, 73
74, 70, 67
74, 75, 76
77, 67, 78
79, 80, 71
81, 71, 70
67, 82, 68
83, 51, 84
55, 85, 78
66, 55, 78
85, 56, 83
86, 73, 72
72, 87, 86
73, 88, 89
90, 82, 69
30, 35, 31
35, 30, 50
50, 33, 35
36, 49, 37
39, 50, 30
36, 47, 41
42, 44, 41
33, 41, 44
45, 91, 46
38, 46, 47
33, 50, 49
49, 36, 33
51, 56, 52
54, 92, 55
55, 93, 35
56, 92, 54
40, 94, 57
39, 57, 58
60, 94, 40
49, 95, 62
63, 66, 64
68, 64, 66
66, 78, 67
69, 82, 70
64, 68, 72
74, 81, 70
74, 77, 75
77, 74, 67
79, 96, 80
81, 79, 71
97, 68, 82
67, 70, 82
83, 56, 51
55, 92, 85
66, 93, 55
85, 92, 56
86, 98, 73
72, 99, 87
73, 98, 88
90, 100, 82
101, 102, 103
104, 105, 106
101, 107, 108
103, 105, 109
110, 107, 111
112, 103, 113
114, 112, 113
102, 115, 116
117, 105, 118
115, 107, 119
105, 116, 118
107, 120, 119
116, 121, 122
123, 121, 124
101, 108, 102
104, 109, 105
101, 111, 107
103, 102, 105
110, 125, 107
112, 101, 103
114, 126, 112
102, 108, 115
117, 106, 105
115, 108, 107
105, 102, 116
107, 125, 120
116, 115, 121
123, 122, 121
25, 7, 6
127, 128, 129
130, 131, 132
133, 131, 134
127, 135, 132
136, 137, 138
136, 139, 140
138, 141, 142
127, 133, 128
132, 133, 127
130, 143, 131
136, 140, 137
136, 144, 139
138, 137, 141
145, 146, 147
148, 149, 150
151, 152, 153
154, 155, 156
157, 149, 148
156, 158, 154
159, 160, 161
162, 163, 164
162, 159, 161
165, 166, 167
168, 169, 170
171, 172, 173
173, 172, 174
175, 176, 172
177, 178, 179
180, 181, 182
181, 183, 184
185, 186, 183
185, 187, 178
188, 189, 190
171, 191, 192
192, 191, 193
194, 195, 196
197, 198, 199
200, 201, 197
199, 202, 203
197, 204, 200
205, 206, 207
199, 206, 197
207, 208, 209
203, 208, 199
188, 190, 210
211, 170, 169
212, 213, 214
215, 213, 216
214, 217, 218
219, 217, 213
217, 220, 218
221, 222, 217
222, 223, 220
224, 225, 222
226, 227, 228
224, 229, 227
221, 230, 229
203, 202, 231
232, 219, 215
233, 234, 235
236, 237, 238
194, 237, 195
157, 239, 240
233, 239, 148
241, 146, 242
193, 243, 244
245, 246, 247
248, 249, 246
236, 250, 157
156, 251, 158
156, 252, 251
251, 238, 253
253, 238, 196
238, 194, 196
184, 182, 181
155, 254, 250
164, 155, 162
255, 256, 257
258, 233, 259
260, 261, 262
156, 263, 252
264, 265, 266
262, 267, 268
269, 264, 266
270, 271, 260
272, 273, 274
273, 275, 276
277, 278, 279
276, 280, 281
274, 282, 272
163, 283, 168
163, 161, 283
284, 285, 286
287, 288, 289
290, 288, 291
292, 293, 165
286, 294, 295
296, 289, 297
295, 298, 299
284, 166, 300
299, 301, 290
302, 298, 294
303, 304, 305
306, 307, 308
309, 310, 311
308, 304, 312
313, 311, 314
303, 310, 315
316, 317, 306
318, 305, 319
252, 263, 238
320, 321, 322
254, 164, 149
250, 254, 157
168, 323, 324
325, 155, 250
251, 252, 238
325, 238, 263
236, 240, 326
327, 242, 249
271, 328, 329
330, 281, 280
331, 332, 333
332, 334, 335
336, 337, 338
339, 336, 340
341, 339, 342
343, 344, 345
346, 347, 348
349, 350, 348
343, 347, 351
352, 353, 354
352, 355, 356
353, 357, 358
343, 345, 349
349, 347, 343
346, 348, 359
352, 354, 355
352, 356, 360
353, 358, 354
146, 361, 362
363, 364, 365
366, 151, 153
367, 368, 369
370, 371, 372
369, 368, 373
374, 375, 376
377, 378, 379
378, 375, 374
380, 381, 382
383, 384, 385
172, 386, 387
387, 388, 172
389, 390, 172
391, 177, 179
392, 393, 394
395, 392, 396
186, 397, 395
398, 397, 391
399, 400, 401
386, 192, 402
192, 193, 402
403, 404, 405
406, 407, 408
409, 200, 407
410, 408, 411
204, 407, 200
205, 412, 204
408, 412, 413
414, 413, 412
411, 413, 415
416, 400, 415
383, 417, 418
419, 420, 421
420, 422, 421
423, 424, 420
424, 425, 420
426, 424, 427
428, 429, 424
223, 428, 426
225, 430, 428
431, 226, 228
432, 430, 431
433, 429, 432
411, 434, 410
425, 435, 422
436, 437, 438
439, 440, 441
403, 439, 441
370, 442, 365
436, 442, 437
146, 443, 242
444, 193, 244
246, 445, 247
446, 249, 447
448, 440, 370
369, 373, 449
369, 449, 450
449, 451, 441
451, 404, 441
441, 404, 403
394, 396, 392
367, 372, 379
379, 378, 367
452, 453, 454
436, 455, 456
261, 457, 458
369, 459, 367
460, 461, 462
463, 458, 464
462, 465, 466
467, 468, 457
469, 470, 471
469, 275, 472
473, 472, 275
474, 276, 469
475, 476, 471
377, 384, 477
377, 477, 375
478, 479, 480
481, 482, 483
482, 484, 483
485, 486, 381
487, 480, 488
489, 490, 481
491, 488, 492
479, 380, 382
493, 492, 484
494, 487, 495
496, 497, 498
499, 500, 501
502, 503, 504
505, 501, 497
506, 507, 502
503, 498, 504
508, 509, 500
510, 511, 496
450, 441, 459
512, 513, 452
384, 379, 371
448, 370, 372
514, 384, 515
367, 516, 448
449, 441, 450
516, 441, 440
517, 440, 518
242, 447, 249
328, 468, 329
474, 330, 280
519, 520, 521
334, 521, 522
523, 336, 334
336, 524, 340
340, 524, 342
269, 262, 525
465, 458, 457
132, 131, 133
145, 151, 146
259, 233, 148
149, 256, 526
149, 526, 527
528, 259, 148
149, 527, 150
150, 528, 148
151, 145, 152
154, 529, 155
157, 254, 149
162, 161, 163
165, 293, 166
168, 283, 169
171, 192, 172
174, 172, 176
530, 175, 172
177, 185, 178
180, 187, 181
181, 185, 183
185, 177, 186
185, 181, 187
197, 201, 198
200, 531, 201
199, 198, 202
197, 206, 204
205, 204, 206
199, 208, 206
207, 206, 208
203, 210, 208
208, 210, 209
190, 209, 210
169, 532, 211
533, 211, 532
212, 216, 213
215, 219, 213
214, 213, 217
219, 221, 217
217, 222, 220
221, 224, 222
222, 225, 223
224, 226, 225
226, 224, 227
224, 221, 229
221, 219, 230
232, 230, 219
236, 326, 237
194, 238, 237
157, 148, 239
233, 235, 239
241, 147, 146
193, 191, 243
245, 248, 246
248, 327, 249
236, 325, 250
184, 534, 182
155, 164, 254
257, 535, 255
255, 526, 256
258, 234, 233
260, 467, 261
156, 155, 263
536, 266, 265
264, 537, 265
268, 538, 539
539, 262, 268
261, 267, 262
269, 525, 264
467, 260, 271
270, 540, 271
271, 329, 467
272, 277, 273
273, 277, 275
279, 541, 275
275, 277, 279
281, 542, 273
273, 276, 281
543, 272, 282
274, 544, 282
284, 300, 285
287, 291, 288
290, 301, 288
292, 545, 293
286, 285, 294
296, 287, 289
295, 294, 298
284, 167, 166
299, 298, 301
546, 547, 548
548, 302, 294
547, 549, 548
550, 551, 552
294, 552, 546
553, 298, 302
546, 548, 294
552, 551, 546
303, 312, 304
306, 317, 307
309, 315, 310
308, 307, 304
313, 309, 311
303, 305, 310
316, 554, 317
304, 555, 319
319, 556, 318
318, 557, 558
558, 305, 318
304, 319, 305
322, 257, 256
256, 320, 322
168, 149, 164
164, 163, 168
320, 256, 149
168, 170, 559
168, 559, 323
560, 320, 149
561, 560, 149
149, 168, 561
324, 561, 168
325, 263, 155
325, 236, 238
236, 157, 240
327, 241, 242
271, 562, 328
330, 563, 281
564, 565, 566
566, 333, 332
331, 567, 519
519, 332, 331
564, 566, 332
332, 519, 334
338, 568, 335
335, 334, 338
337, 569, 338
334, 336, 338
339, 337, 336
340, 342, 339
341, 570, 339
349, 348, 347
146, 151, 361
365, 436, 456
365, 456, 363
453, 452, 371
571, 453, 371
371, 365, 364
364, 571, 371
366, 361, 151
367, 572, 368
370, 365, 371
377, 375, 378
380, 485, 381
383, 477, 384
172, 192, 386
530, 172, 390
388, 389, 172
391, 397, 177
392, 398, 393
395, 397, 392
186, 177, 397
398, 392, 397
406, 409, 407
409, 531, 200
410, 406, 408
204, 412, 407
205, 414, 412
408, 407, 412
414, 416, 413
411, 408, 413
399, 415, 400
413, 416, 415
573, 418, 417
383, 385, 417
419, 423, 420
420, 425, 422
423, 427, 424
424, 429, 425
426, 428, 424
428, 430, 429
223, 225, 428
225, 226, 430
431, 430, 226
432, 429, 430
433, 425, 429
425, 433, 435
439, 518, 440
403, 405, 439
370, 517, 442
436, 365, 442
146, 362, 443
444, 402, 193
246, 446, 445
446, 246, 249
448, 516, 440
394, 574, 396
367, 448, 372
454, 575, 576
576, 452, 454
436, 438, 455
261, 467, 457
369, 450, 459
462, 466, 460
577, 460, 466
464, 578, 463
463, 267, 458
261, 458, 267
462, 579, 465
580, 457, 468
467, 329, 468
468, 581, 580
469, 472, 470
469, 276, 275
275, 541, 473
473, 582, 472
469, 583, 474
474, 280, 276
471, 470, 475
584, 475, 470
478, 585, 479
481, 490, 482
482, 493, 484
485, 586, 486
487, 478, 480
489, 587, 490
491, 487, 488
479, 585, 380
493, 491, 492
494, 588, 589
590, 589, 588
487, 491, 591
592, 591, 491
495, 593, 594
494, 589, 487
495, 594, 494
487, 591, 495
496, 505, 497
499, 508, 500
502, 507, 503
505, 499, 501
506, 595, 507
503, 496, 498
508, 596, 509
597, 598, 505
505, 496, 597
510, 599, 511
511, 600, 597
597, 496, 511
452, 576, 512
512, 601, 513
372, 371, 379
384, 377, 379
371, 452, 513
371, 513, 602
603, 385, 384
604, 603, 384
371, 602, 515
514, 604, 384
371, 515, 384
367, 459, 516
516, 459, 441
517, 370, 440
242, 443, 447
328, 605, 468
474, 606, 330
607, 608, 609
609, 521, 607
519, 567, 520
520, 610, 521
607, 521, 610
334, 519, 521
522, 611, 523
523, 612, 613
613, 336, 523
334, 522, 523
336, 613, 524
614, 342, 524
524, 615, 614
269, 260, 262
465, 579, 458
