# Project Zomboid Skinned Mesh
# File Version:
1.0
# Model Name:
Cube
# Vertex Stride Element Count:
3
# Vertex Stride Size (in bytes):
76
# Vertex Stride Data:
# (Int)    Offset
# (String) Type
0
VertexArray
12
NormalArray
24
TextureCoordArray
# Vertex Count:
883
# Vertex Buffer:
0.35033086, 0.7780019, 1.55143833
0.48979157, 0.70580155, -0.51173437
0.96770203, 0.48941624
4.9e-07, 0.7780019, 1.66295385
0.0, 0.78240305, 0.6227302
0.89136446, 0.51968449
0.35033086, 0.7780019, 1.66295385
0.48979157, 0.70580155, 0.51173437
0.96770203, 0.51968449
0.35033086, 0.6811381, 1.66295385
0.0, -0.22437209, 0.97448653
0.96770203, 0.54464412
4.9e-07, 0.72956997, 1.67410541
0.0, 0.0, 0.99996948
0.89136446, 0.53216434
4.9e-07, 0.6811381, 1.66295385
0.0, -0.22437209, 0.97448653
0.89136446, 0.54464412
4.9e-07, 0.72956997, 1.5402869
0.0, 0.0, -0.99996948
0.89136446, 0.47693646
4.9e-07, 0.7780019, 1.55143833
0.0, 0.78240305, -0.6227302
0.89136446, 0.48941624
0.36422133, 0.72956997, 1.67410541
0.0, 0.0, 1.0
0.97072852, 0.53216457
0.35033086, 0.6811381, 1.55143833
0.0, -0.22437209, -0.97448653
0.96770203, 0.46445644
0.36422133, 0.72956997, 1.5402869
0.0, 0.0, -1.0
0.97072852, 0.47693646
0.36422133, 0.72956997, 1.5402869
1.0, 0.0, 0.0
0.98018157, 0.48638952
0.36422133, 0.72956997, 1.67410541
1.0, 0.0, 0.0
0.98018157, 0.52271128
0.35033086, 0.6811381, 1.66295385
0.96124148, -0.27567369, 0.0
0.9926616, 0.51968449
-0.35032991, 0.7780019, 1.55143833
-0.48979157, 0.70580155, -0.51173437
0.81502712, 0.48941624
-0.35032991, 0.7780019, 1.66295385
-0.48979157, 0.70580155, 0.51173437
0.81502712, 0.51968449
-0.35032991, 0.6811381, 1.66295385
0.0, -0.22437209, 0.97448653
0.81502712, 0.54464412
-0.36422035, 0.72956997, 1.67410541
0.0, 0.0, 1.0
0.81200016, 0.53216457
-0.36422035, 0.72956997, 1.5402869
0.0, 0.0, -1.0
0.81200016, 0.47693646
-0.35032991, 0.6811381, 1.55143833
0.0, -0.22437209, -0.97448653
0.81502712, 0.46445644
-0.36422035, 0.72956997, 1.5402869
-0.99996948, 0.0, 0.0
0.8025471, 0.48638952
-0.36422035, 0.72956997, 1.67410541
-1.0, 0.0, 0.0
0.8025471, 0.52271128
-0.35032991, 0.6811381, 1.66295385
-0.96124148, -0.27567369, 0.0
0.79006732, 0.51968449
-0.35032991, 0.6811381, 1.55143833
-0.96124148, -0.27567369, 0.0
0.79006732, 0.48941648
4.9e-07, 0.6811381, 1.55143833
0.0, -0.22437209, -0.97448653
0.89136446, 0.46445644
0.35033086, 0.6811381, 1.55143833
0.96124148, -0.27567369, 0.0
0.9926616, 0.48941624
0.0, 0.27870965, 0.3945525
0.0, 0.0, -1.0
0.32405809, 0.30957228
0.52170914, -0.29323587, 0.3945525
0.29709768, -0.63023776, -0.71727651
0.21937358, 0.42433691
0.0, -0.29323587, 0.3945525
0.0, -0.70708334, -0.70708334
0.32405809, 0.42433691
0.55526936, 0.27870965, 0.42811233
0.92385632, 0.0, -0.38267159
0.29567739, 0.6611329
0.52170914, -0.29323587, 0.3945525
0.29709768, -0.63023776, -0.71727651
0.30241138, 0.77589755
0.52170914, 0.27870965, 0.3945525
0.38267159, 0.0, -0.92385632
0.30241138, 0.6611329
0.52170926, 0.27870974, 1.88692319
0.37202063, 0.10260323, 0.92251348
0.00295725, 0.6611329
0.55526936, -0.29323587, 1.85336304
0.71727651, -0.63023776, 0.29709768
0.00969128, 0.77589753
0.55526936, 0.27870974, 1.8533628
0.9132359, 0.04840235, 0.4044618
0.00969128, 0.6611329
0.52170926, 0.27870974, 1.88692319
0.37202063, 0.10260323, 0.92251348
0.21310484, 0.30957222
0.03260686, 0.292799, 1.88368571
0.0, 0.22391431, 0.97457808
0.11496335, 0.30674505
0.0, 0.27870974, 1.88692319
0.0, 0.11267434, 0.99362165
0.10842057, 0.30957222
0.55526936, 0.64757758, 1.76860607
0.86397898, 0.39152196, 0.31653798
0.014768, 0.22779256
0.52170926, 0.68113792, 1.76089454
0.33567309, 0.89599293, 0.2906583
0.01631528, 0.22105837
0.52170926, 0.64757758, 1.80216622
0.33170569, 0.4773095, 0.81368452
0.00803394, 0.22105837
0.52170926, 0.6811378, 0.4281126
0.34156317, 0.87557602, -0.34156317
0.2837469, 0.22105837
0.0, 0.68113792, 1.76089454
0.0, 0.94228947, 0.33475754
0.01631528, 0.11637419
0.0, -0.29323587, 1.88692319
0.0, -0.70708334, 0.70708334
0.10842057, 0.42433691
0.52170926, -0.29323587, 1.88692319
0.29709768, -0.63023776, 0.71727651
0.21310484, 0.42433691
0.52170926, 0.64757758, 1.80216622
0.33170569, 0.4773095, 0.81368452
0.01996434, 0.58711702
0.55526936, 0.59091026, 1.7816267
0.92138433, 0.08700827, 0.37873471
0.02408566, 0.59848773
0.55526936, 0.64757758, 1.76860607
0.86397898, 0.39152196, 0.31653798
0.02669837, 0.58711702
0.0, 0.6475777, 1.80216599
0.0, 0.52861112, 0.84884185
0.00803397, 0.11637419
0.55526674, -0.15237804, 1.40471268
1.0, 0.0, 3.052e-05
0.09971593, 0.74763343
0.55526924, -0.16441944, 1.38451898
0.76601458, -0.15588854, -0.62358469
0.10376795, 0.75004962
0.55526996, -0.05654592, 1.36057961
1.0, 0.0, 0.0
0.10857154, 0.7284041
0.55526936, 0.64757758, 0.42811266
0.87557602, 0.34156317, -0.34156317
0.2837469, 0.2277925
0.52170914, 0.64757758, 0.39455244
0.34156317, 0.34156317, -0.87557602
0.29048094, 0.22105837
0.55526936, 0.64757758, 0.42811266
0.87557602, 0.34156317, -0.34156317
0.2956773, 0.58711702
0.0, 0.6811378, 0.4281126
0.0, 0.92385632, -0.38267159
0.2837469, 0.11637419
-0.55526608, 0.62217599, 0.89450812
-0.99996948, -3.052e-05, 0.0
0.20209195, 0.96334324
-0.55526924, 0.62217605, 0.47398421
-0.99996948, 0.0, 0.0
0.28647292, 0.96334326
-0.5552699, 0.59690917, 0.54369247
-1.0, 0.0, 0.0
0.27248546, 0.95827329
0.38391221, -0.22192094, 0.3792311
0.30149236, 0.30149236, 0.90450758
0.3193385, 0.76158758
0.38391221, 0.5325132, -0.37779245
0.70708334, 0.0, -0.70708334
0.47124019, 0.61020553
0.38391221, 0.65571678, 0.37923104
0.57734919, 0.57734919, 0.57734919
0.3193385, 0.58548394
0.56986839, 0.50812429, -0.37779245
0.57734919, 0.57734919, 0.57734919
0.51517707, 0.61509925
0.56986833, 0.00237904, -0.91312611
0.76598406, -0.62364572, -0.15588854
0.62259543, 0.71658033
0.56986839, 0.00237904, -1.04046452
0.76598406, -0.62364572, 0.15588854
0.64814669, 0.71658033
0.56986839, 0.50812423, -1.95915937
0.57734919, 0.57734919, -0.57734919
0.81066686, 0.23350751
0.38391221, 0.50812429, -0.37779245
0.57734919, 0.57734919, 0.57734919
0.49335515, 0.19619405
0.56986839, 0.50812429, -0.37779245
0.57734919, 0.57734919, 0.57734919
0.49335515, 0.23350728
0.38391221, 0.50812423, -1.95915937
0.56663716, 0.56663716, -0.59816277
0.83248883, 0.61509925
0.38391221, 0.65571678, -0.37779245
0.70708334, 0.70708334, 0.0
0.51517707, 0.58548394
0.38391221, 0.50812429, -0.37779245
0.57734919, 0.57734919, 0.57734919
0.51517707, 0.61509925
0.38391221, 0.65571672, -1.95915937
0.58983123, 0.63042086, -0.50459301
0.81066686, 0.19511521
0.35035211, 0.65571678, -0.37779245
-0.70708334, 0.70708334, 0.0
0.49335515, 0.18838108
0.38391221, 0.65571678, -0.37779245
0.70708334, 0.70708334, 0.0
0.49335515, 0.19511521
0.38391221, -0.22192094, 0.3792311
0.30149236, 0.30149236, 0.90450758
0.29355529, 0.19536179
0.56483072, -0.22192097, -0.37779245
0.57734919, 0.57734919, -0.57734919
0.44545704, 0.23166412
0.38391221, -0.22192097, -0.37779245
0.30149236, 0.30149236, -0.90450758
0.44545704, 0.19536179
0.56483072, -0.22192094, 0.3792311
0.57734919, 0.57734919, 0.57734919
0.29355529, 0.23166412
0.56483072, -0.27138868, -0.37779242
0.57734919, -0.57734919, -0.57734919
0.44545704, 0.23166412
0.56483072, -0.27138865, 0.37923104
0.57734919, -0.57734919, 0.57734919
0.99666142, 0.21158195
0.43040058, -0.27138865, 0.37923104
0.0, -0.70708334, 0.70708334
0.97849953, 0.21158195
0.56483072, -0.27138868, -0.37779242
0.57734919, -0.57734919, -0.57734919
0.99666142, 0.24267274
0.38391221, 0.65571678, -0.37779245
0.57734919, 0.57734919, -0.57734919
0.44545704, 0.19340867
0.0, 0.65571678, 0.37923104
0.0, 0.70708334, 0.70708334
0.29355529, 0.11637419
0.38391221, 0.65571678, 0.37923104
0.57734919, 0.57734919, 0.57734919
0.29355529, 0.19340867
0.43040058, -0.27138865, 0.37923104
0.0, -0.70708334, 0.70708334
0.29355529, 0.2046898
0.0, 0.65571678, 0.37923104
0.0, 0.70708334, 0.70708334
0.30544806, 0.58548394
0.0, -0.27138865, 0.37923104
0.0, -0.70708334, 0.70708334
0.30544806, 0.77151373
0.56986821, -0.20259397, -0.70301783
0.76598406, -0.15588854, -0.62364572
0.99734211, 0.2866118
0.30138719, -0.10709023, -0.7539531
0.6711936, -0.45368817, -0.58619952
0.96106946, 0.29349327
0.56986821, -0.10709023, -0.7539531
0.74690998, -0.40696433, -0.52580339
0.99734211, 0.29349327
0.55526924, -0.00203235, 1.26370251
0.73668629, -0.55165255, -0.39106417
0.99536979, 0.09208685
0.28678825, 0.05166389, 1.16302204
0.65636158, -0.73189491, -0.18295847
0.95909715, 0.10568935
0.55526924, 0.05166389, 1.16302204
0.76598406, -0.62364572, -0.15588854
0.99536979, 0.10568935
0.30138731, -0.04855625, -0.81762242
0.67970824, -0.59834588, -0.42417675
0.96106946, 0.30209529
0.56986833, -0.04855625, -0.81762242
0.73668629, -0.55165255, -0.39106417
0.99734211, 0.30209529
0.28678831, 0.05166389, 1.02878165
0.65636158, -0.73189491, 0.18295847
0.95909715, 0.12382561
0.5552693, 0.05166389, 1.02878165
0.76598406, -0.62364572, 0.15588854
0.99536979, 0.12382561
0.30138731, 0.00237904, -0.91312611
0.65636158, -0.73189491, -0.18295847
0.96106946, 0.31499809
0.56986833, 0.00237904, -0.91312611
0.76598406, -0.62364572, -0.15588854
0.99734211, 0.31499809
0.55526924, -0.00203235, 0.9281013
0.73668629, -0.55165255, 0.39106417
0.99536979, 0.13742775
0.28678825, -0.00203235, 0.9281013
0.67970824, -0.59834588, 0.42417675
0.95909715, 0.13742775
0.30138734, 0.00237904, -1.04046452
0.65636158, -0.73189491, 0.18295847
0.96106946, 0.33220196
0.56986839, 0.00237904, -1.04046452
0.76598406, -0.62364572, 0.15588854
0.99734211, 0.33220196
0.28678825, -0.06373899, 0.86098093
0.67116308, -0.45368817, 0.58619952
0.95909715, 0.14649612
0.55526924, -0.06373899, 0.86098093
0.74690998, -0.40696433, 0.52577287
0.99536979, 0.14649612
0.56986833, -0.04855632, -1.13596821
0.73668629, -0.55165255, 0.39106417
0.99734211, 0.34510475
0.30138731, -0.04855632, -1.13596821
0.67970824, -0.59834588, 0.42417675
0.96106946, 0.34510475
0.28678831, -0.16441935, 0.80728513
0.65636158, -0.18295847, 0.73189491
0.95909715, 0.15375054
0.5552693, -0.16441935, 0.80728513
0.76598406, -0.15588854, 0.62364572
0.99536979, 0.15375054
0.55526924, -0.16441944, 1.38451898
0.76601458, -0.15588854, -0.62358469
0.99536979, 0.07576424
0.28678834, -0.29323581, 1.38451934
0.30149236, -0.90450758, -0.30149236
0.95909715, 0.07576424
0.2867882, -0.16441944, 1.38451898
0.65636158, -0.18295847, -0.73189491
0.95909715, 0.07576424
0.30138731, -0.10709026, -1.19963753
0.67116308, -0.45368817, 0.58619952
0.96106946, 0.35370672
0.56986833, -0.10709026, -1.19963753
0.74690998, -0.40696433, 0.52580339
0.99734211, 0.35370672
0.28678834, -0.29323587, 0.80728513
0.30149236, -0.90450758, 0.30149236
0.95909715, 0.15375054
0.55526936, -0.29323587, 0.80728513
0.57734919, -0.57734919, 0.57734919
0.99536979, 0.15375054
0.2867882, -0.06373899, 1.33082271
0.67116308, -0.45368817, -0.58619952
0.95909715, 0.08301908
0.55526924, -0.06373899, 1.33082271
0.74690998, -0.40696433, -0.52580339
0.99536979, 0.08301908
0.30138734, -0.202594, -1.25057268
0.65636158, -0.18295847, 0.73189491
0.96106946, 0.36058825
0.56986839, -0.202594, -1.25057268
0.76598406, -0.15588854, 0.62364572
0.99734211, 0.36058825
0.30138737, -0.2932359, -0.70301747
0.30149236, -0.90450758, -0.30149236
0.9610697, 0.28661168
0.30138719, -0.20259397, -0.70301783
0.65636158, -0.18295847, -0.73189491
0.96106946, 0.2866118
0.28678825, -0.00203235, 1.26370251
0.67970824, -0.59834588, -0.42417675
0.95909715, 0.09208685
0.30138737, -0.29323587, -1.25057268
0.30149236, -0.90450758, 0.30149236
0.9610697, 0.36058825
0.56986839, -0.29323587, -1.25057268
0.57734919, -0.57734919, 0.57734919
0.99734211, 0.36058825
0.28678831, -0.16761543, 0.39455244
0.70708334, -0.70708334, 0.0
0.95909715, 0.209512
0.28678831, -0.05651176, 0.3792311
0.70708334, 0.70708334, 0.0
0.95909715, 0.21158195
0.28678831, -0.05651172, 0.3945525
0.70708334, 0.70708334, 0.0
0.95909715, 0.209512
0.1992231, -0.05651176, 0.3792311
-0.70708334, 0.70708334, 0.0
0.94726658, 0.21158195
0.1992231, -0.16761543, 0.39455244
-0.70708334, -0.70708334, 0.0
0.94726658, 0.209512
0.1992231, -0.05651172, 0.3945525
-0.70708334, 0.70708334, 0.0
0.94726658, 0.209512
0.28678831, -0.16761543, 0.37923113
0.70708334, -0.70708334, 0.0
0.95909715, 0.21158195
0.44938949, -0.1593264, 2.14466476
0.29709768, 0.63023776, 0.71727651
0.36443481, 0.52190521
0.55526936, -0.29060885, 2.0387845
0.71727651, -0.63023776, 0.29709768
0.33438912, 0.49556249
0.55526936, -0.1593264, 2.0387845
0.71727651, 0.63023776, 0.29709768
0.33438912, 0.52190521
0.52170926, -0.1593264, 1.88692319
0.0, 1.0, 0.0
0.34992334, 0.57362285
0.55526936, -0.1593264, 2.0387845
0.71727651, 0.63023776, 0.29709768
0.34318927, 0.54315075
0.52170926, -0.29060885, 1.88692319
0.0, -1.0, 0.0
0.34992334, 0.57362285
0.44938952, -0.29060885, 2.14466476
0.29709768, -0.63023776, 0.71727651
0.36443475, 0.52190533
0.0, -0.29060885, 1.88692319
0.0, -0.99996948, 0.0
0.45460773, 0.57362285
0.55526936, -0.1593264, 1.85336304
0.89440596, 0.44718772, 0.0
0.29718307, 0.52190533
0.0, -0.29060885, 2.14466476
0.0, -0.70708334, 0.70708334
0.45460773, 0.49556249
0.44938952, -0.29060885, 2.14466476
0.29709768, -0.63023776, 0.71727651
0.36443475, 0.49556249
0.56986839, -0.29060903, -1.95915937
0.70708334, -0.70708334, 0.0
0.53246176, 0.48482269
0.56986839, -0.26527449, -2.13729191
0.71727651, 0.63023776, -0.29709768
0.53246176, 0.44907904
0.56986839, -0.26527449, -1.95915937
0.70708334, 0.70708334, 0.0
0.53246176, 0.48482269
0.0, -0.29060903, -1.95915937
0.0, -1.0, 0.0
0.41811404, 0.48482269
0.54125202, -0.29060903, -2.1659081
0.29709768, -0.63023776, -0.71727651
0.52671969, 0.44333714
0.54125202, -0.26527449, -2.1659081
0.29709768, 0.63023776, -0.71727651
0.52671969, 0.44333714
0.56986839, -0.29060903, -2.13729191
0.71727651, -0.63023776, -0.29709768
0.53246176, 0.44907904
0.0, -0.29323587, 1.88692319
0.0, -0.70708334, 0.70708334
0.92035109, 0.0078879
0.0, -0.29323587, 0.3945525
0.0, -0.70708334, -0.70708334
0.92035109, 0.209512
0.0, -0.26527449, -1.95915937
0.0, 1.0, 0.0
0.41811404, 0.48482269
0.0, -0.26527449, -2.1659081
0.0, 0.70708334, -0.70708334
0.41811404, 0.44333714
0.0, -0.2932359, -0.37779242
0.0, -1.0, 0.0
0.92035109, 0.24267274
0.0, -0.29323602, -1.95915937
0.0, -0.70708334, -0.70708334
0.92035109, 0.45632052
-0.52170914, -0.29323587, 0.3945525
-0.29709768, -0.63023776, -0.71727651
0.42874235, 0.42433691
-0.52170914, -0.29323587, 0.3945525
-0.29709768, -0.63023776, -0.71727651
0.30241138, 0.77965969
-0.55526936, 0.27870965, 0.42811233
-0.92385632, 0.0, -0.38267159
0.29567739, 0.89442432
-0.52170914, 0.27870965, 0.3945525
-0.38267159, 0.0, -0.92385632
0.30241138, 0.89442432
-0.55526936, -0.29323587, 1.85336304
-0.71727651, -0.63023776, 0.29709768
0.00969128, 0.77965969
-0.52170926, 0.27870974, 1.88692319
-0.37202063, 0.10260323, 0.92251348
0.00295725, 0.89442432
-0.55526936, 0.27870974, 1.8533628
-0.9132359, 0.04840235, 0.4044618
0.00969128, 0.89442432
0.0, 0.292799, 1.88368571
0.0, 0.22391431, 0.97457808
0.10842057, 0.30674511
-0.03260684, 0.292799, 1.88368571
0.0, 0.22391431, 0.97457808
0.10187779, 0.30674511
-0.55526936, 0.64757758, 1.76860607
-0.86397898, 0.39155248, 0.31656849
0.014768, 0.00495547
-0.52170926, 0.64757758, 1.80216622
-0.33170569, 0.4773095, 0.81368452
0.00803394, 0.01168978
-0.52170926, 0.68113792, 1.76089454
-0.33567309, 0.89599293, 0.2906583
0.01631528, 0.01168978
-0.52170926, 0.27870974, 1.88692319
-0.37202063, 0.10260323, 0.92251348
0.00373607, 0.30957222
-0.52170926, -0.29323587, 1.88692319
-0.29709768, -0.63023776, 0.71727651
0.00373607, 0.42433691
0.52170914, 0.27870965, 0.3945525
0.38267159, 0.0, -0.92385632
0.21937358, 0.30957228
0.0, 0.64757746, 0.39455244
0.0, 0.38267159, -0.92385632
0.32405809, 0.23555648
0.52170914, 0.64757758, 0.39455244
0.34156317, 0.34156317, -0.87557602
0.21937358, 0.2355563
-0.55526936, 0.64757758, 0.42811266
-0.87557602, 0.34156317, -0.34156317
0.2837469, 0.00495547
-0.55526936, 0.59091026, 1.7816267
-0.92138433, 0.08700827, 0.37873471
0.02408566, 0.95706953
-0.52170926, 0.64757758, 1.80216622
-0.33170569, 0.4773095, 0.81368452
0.01996434, 0.96844024
-0.55526936, 0.64757758, 1.76860607
-0.86397898, 0.39155248, 0.31656849
0.02669837, 0.96844024
-0.5552693, -0.16441935, 0.80728513
-0.76595354, -0.15588854, 0.62367624
0.21959385, 0.80550754
-0.55526924, -0.06489238, 0.82782984
-1.0, 0.0, 0.0
0.2154714, 0.82547826
-0.55527061, -0.16173315, 0.78394884
-1.0, 0.0, 0.0
0.22427647, 0.80604656
-0.52170926, 0.6811378, 0.4281126
-0.34156317, 0.87557602, -0.34156317
0.2837469, 0.01168978
-0.52170914, 0.64757758, 0.39455244
-0.34156317, 0.34156317, -0.87557602
0.29048094, 0.01168978
-0.52170914, 0.64757758, 0.39455244
-0.34156317, 0.34156317, -0.87557602
0.30241138, 0.96844024
-0.38391221, 0.65571678, -0.37779245
-0.57734919, 0.57734919, -0.57734919
0.47124019, 0.97007329
-0.38391221, 0.5325132, -0.37779245
-0.70708334, 0.0, -0.70708334
0.47124019, 0.94535167
-0.38391221, 0.65571678, 0.37923104
-0.57734919, 0.57734919, 0.57734919
0.3193385, 0.97007329
-0.56986839, 0.00237904, -1.04046452
-0.76598406, -0.62364572, 0.15588854
0.64814669, 0.83897682
-0.56986833, 0.00237904, -0.91312611
-0.76595354, -0.62364572, -0.15588854
0.62259543, 0.83897682
-0.56986839, 0.12507042, -0.37779242
-0.57734919, 0.57734919, 0.57734919
0.51517707, 0.86359558
-0.38391221, 0.12507042, -0.37779242
-0.57734919, 0.57734919, 0.57734919
0.49335515, 0.03801888
-0.56986839, 0.12507035, -1.95915937
-0.57734919, 0.57734919, -0.57734919
0.81066686, 0.00070554
-0.56986839, 0.12507042, -0.37779242
-0.57734919, 0.57734919, 0.57734919
0.49335515, 0.0007053
-0.38391221, 0.65571678, -0.37779245
-0.70708334, 0.70708334, 0.0
0.51517707, 0.97007329
-0.38391221, 0.12507035, -1.95915937
-0.4082461, 0.4082461, -0.8164922
0.83248883, 0.86359558
-0.38391221, 0.12507042, -0.37779242
-0.57734919, 0.57734919, 0.57734919
0.51517707, 0.86359558
-0.35035211, 0.65571678, -0.37779245
0.70708334, 0.70708334, 0.0
0.49335515, 0.04583561
-0.38391221, 0.65571672, -1.95915937
-0.58983123, 0.63042086, -0.50459301
0.81066686, 0.0391016
-0.38391221, 0.65571678, -0.37779245
-0.70708334, 0.70708334, 0.0
0.49335515, 0.0391016
-0.56483072, -0.22192097, -0.37779245
-0.57734919, 0.57734919, -0.57734919
0.44545704, 0.00108403
-0.38391221, -0.22192094, 0.3792311
-0.30149236, 0.30149236, 0.90450758
0.29355529, 0.03738642
-0.38391221, -0.22192097, -0.37779245
-0.30149236, 0.30149236, -0.90450758
0.44545704, 0.03738642
-0.56483072, -0.27138868, -0.37779242
-0.57734919, -0.57734919, -0.57734919
0.44545704, 0.00108403
-0.56483072, -0.22192094, 0.3792311
-0.57734919, 0.57734919, 0.57734919
0.29355529, 0.00108403
0.0, -0.27138868, -0.37779242
0.0, -0.70708334, -0.70708334
0.92035109, 0.24267274
-0.43040058, -0.27138865, 0.37923104
0.0, -0.70708334, 0.70708334
0.86220258, 0.21158195
-0.56483072, -0.27138868, -0.37779242
-0.57734919, -0.57734919, -0.57734919
0.84404063, 0.24267274
-0.38391221, 0.65571678, -0.37779245
-0.57734919, 0.57734919, -0.57734919
0.44545704, 0.03933954
-0.38391221, 0.65571678, 0.37923104
-0.57734919, 0.57734919, 0.57734919
0.29355529, 0.03933954
-0.56483072, -0.22192094, 0.3792311
-0.57734919, 0.57734919, 0.57734919
0.84404063, 0.21158195
-0.38391221, -0.22192094, 0.3792311
-0.30149236, 0.30149236, 0.90450758
0.8684833, 0.21158195
-0.38391221, -0.22192094, 0.3792311
-0.30149236, 0.30149236, 0.90450758
0.3193385, 0.79396933
0.0, -0.27138865, 0.37923104
0.0, -0.70708334, 0.70708334
0.30544797, 0.78404349
0.0, 0.65571678, 0.37923104
0.0, 0.70708334, 0.70708334
0.30544797, 0.97007328
-0.30138719, -0.10709023, -0.7539531
-0.6711936, -0.45368817, -0.58619952
0.87963277, 0.29349327
-0.56986821, -0.20259397, -0.70301783
-0.76598406, -0.15588854, -0.62364572
0.84336001, 0.2866118
-0.56986821, -0.10709023, -0.7539531
-0.74690998, -0.40696433, -0.52580339
0.84336001, 0.29349327
-0.28678825, 0.05166389, 1.16302204
-0.65636158, -0.73189491, -0.18295847
0.88160509, 0.10568935
-0.55526924, -0.00203235, 1.26370251
-0.73668629, -0.55165255, -0.39106417
0.8453325, 0.09208685
-0.55526924, 0.05166389, 1.16302204
-0.76598406, -0.62364572, -0.15588854
0.8453325, 0.10568935
-0.30138731, -0.04855625, -0.81762242
-0.67970824, -0.59834588, -0.42417675
0.87963277, 0.30209529
-0.56986833, -0.04855625, -0.81762242
-0.73668629, -0.55165255, -0.39106417
0.84336001, 0.30209529
-0.28678831, 0.05166389, 1.02878165
-0.65636158, -0.73189491, 0.18295847
0.88160509, 0.12382561
-0.5552693, 0.05166389, 1.02878165
-0.76598406, -0.62364572, 0.15588854
0.8453325, 0.12382561
-0.30138731, 0.00237904, -0.91312611
-0.65636158, -0.73189491, -0.18295847
0.87963277, 0.31499809
-0.56986833, 0.00237904, -0.91312611
-0.76595354, -0.62364572, -0.15588854
0.84336001, 0.31499809
-0.55526924, -0.00203235, 0.9281013
-0.73668629, -0.55165255, 0.39106417
0.8453325, 0.13742775
-0.30138734, 0.00237904, -1.04046452
-0.65636158, -0.73189491, 0.18295847
0.87963253, 0.33220196
-0.56986839, 0.00237904, -1.04046452
-0.76598406, -0.62364572, 0.15588854
0.84336001, 0.33220196
-0.28678825, -0.06373899, 0.86098093
-0.67116308, -0.45368817, 0.58619952
0.88160509, 0.14649612
-0.55526924, -0.06373899, 0.86098093
-0.74690998, -0.40693381, 0.52580339
0.8453325, 0.14649612
-0.56986833, -0.04855632, -1.13596821
-0.73668629, -0.55165255, 0.39106417
0.84336001, 0.34510475
-0.28678831, -0.16441935, 0.80728513
-0.65636158, -0.18295847, 0.73189491
0.88160509, 0.15375054
-0.5552693, -0.16441935, 0.80728513
-0.76595354, -0.15588854, 0.62367624
0.8453325, 0.15375054
-0.55526924, -0.16441944, 1.38451898
-0.76595354, -0.15588854, -0.62367624
0.8453325, 0.07576424
-0.28678834, -0.29323581, 1.38451934
-0.30149236, -0.90450758, -0.30149236
0.88160491, 0.07576424
-0.55526936, -0.29323581, 1.38451934
-0.57731867, -0.57734919, -0.57734919
0.8453325, 0.07576424
-0.30138731, -0.10709026, -1.19963753
-0.67116308, -0.45368817, 0.58619952
0.87963277, 0.35370672
-0.56986833, -0.10709026, -1.19963753
-0.74690998, -0.40696433, 0.52580339
0.84336001, 0.35370672
-0.28678834, -0.29323587, 0.80728513
-0.30149236, -0.90450758, 0.30149236
0.88160491, 0.15375054
-0.55526936, -0.29323587, 0.80728513
-0.57731867, -0.57734919, 0.57734919
0.8453325, 0.15375054
-0.2867882, -0.06373899, 1.33082271
-0.67116308, -0.45368817, -0.58619952
0.88160509, 0.08301908
-0.55526924, -0.06373899, 1.33082271
-0.74690998, -0.40696433, -0.52580339
0.8453325, 0.08301908
-0.30138734, -0.202594, -1.25057268
-0.65636158, -0.18295847, 0.73189491
0.87963253, 0.36058825
-0.56986839, -0.202594, -1.25057268
-0.76598406, -0.15588854, 0.62364572
0.84336001, 0.36058825
-0.30138737, -0.2932359, -0.70301747
-0.30149236, -0.90450758, -0.30149236
0.87963253, 0.28661168
-0.56986839, -0.2932359, -0.70301747
-0.57734919, -0.57734919, -0.57731867
0.84336001, 0.28661168
-0.28678825, -0.00203235, 1.26370251
-0.67970824, -0.59834588, -0.42417675
0.88160509, 0.09208685
-0.30138737, -0.29323587, -1.25057268
-0.30149236, -0.90450758, 0.30149236
0.87963253, 0.36058825
-0.56986839, -0.29323587, -1.25057268
-0.57734919, -0.57734919, 0.57734919
0.84336001, 0.36058825
-0.28678825, -0.00203235, 0.9281013
-0.67970824, -0.59834588, 0.42417675
0.88160509, 0.13742775
-0.30138731, -0.04855632, -1.13596821
-0.67970824, -0.59834588, 0.42417675
0.87963277, 0.34510475
-0.28678831, -0.05651176, 0.3792311
-0.70708334, 0.70708334, 0.0
0.88160509, 0.21158195
-0.28678831, -0.16761543, 0.39455244
-0.70708334, -0.70708334, 0.0
0.88160509, 0.209512
-0.28678831, -0.05651172, 0.3945525
-0.70708334, 0.70708334, 0.0
0.88160509, 0.209512
-0.1992231, -0.16761543, 0.39455244
0.70708334, -0.70708334, 0.0
0.89343536, 0.209512
-0.1992231, -0.05651176, 0.3792311
0.70708334, 0.70708334, 0.0
0.89343536, 0.21158195
-0.1992231, -0.05651172, 0.3945525
0.70708334, 0.70708334, 0.0
0.89343536, 0.209512
-0.28678831, -0.16761543, 0.37923113
-0.70708334, -0.70708334, 0.0
0.88160509, 0.21158195
-0.55526936, -0.29060885, 2.0387845
-0.71727651, -0.63023776, 0.29709768
0.57482648, 0.49556249
-0.44938949, -0.1593264, 2.14466476
-0.29709768, 0.63023776, 0.71727651
0.54478079, 0.52190521
-0.55526936, -0.1593264, 2.0387845
-0.71727651, 0.63023776, 0.29709768
0.57482648, 0.52190521
-0.52170926, -0.1593264, 1.88692319
0.0, 1.0, 0.0
0.55929226, 0.57362285
0.0, -0.1593264, 1.88692319
0.0, 1.0, 0.0
0.45460773, 0.57362285
-0.44938952, -0.29060885, 2.14466476
-0.29709768, -0.63023776, 0.71727651
0.54478079, 0.52190533
-0.55526936, -0.29060885, 2.0387845
-0.71727651, -0.63023776, 0.29709768
0.56602627, 0.54315075
-0.52170926, -0.29060885, 1.88692319
0.0, -1.0, 0.0
0.5592922, 0.57362285
-0.55526936, -0.1593264, 1.85336304
-0.89440596, 0.44718772, 0.0
0.61203253, 0.52190521
-0.44938952, -0.29060885, 2.14466476
-0.29709768, -0.63023776, 0.71727651
0.54478079, 0.49556249
-0.56986839, -0.26527449, -2.13729191
-0.71727651, 0.63023776, -0.29709768
0.30376598, 0.44907904
-0.56986839, -0.29060903, -1.95915937
-0.70708334, -0.70708334, 0.0
0.30376598, 0.48482269
-0.56986839, -0.26527449, -1.95915937
-0.70708334, 0.70708334, 0.0
0.30376598, 0.48482269
-0.54125202, -0.29060903, -2.1659081
-0.29709768, -0.63023776, -0.71727651
0.30950812, 0.44333714
0.0, -0.29060903, -2.1659081
0.0, -0.70708334, -0.70708334
0.41811404, 0.44333714
-0.56986839, -0.29060903, -2.13729191
-0.71727651, -0.63023776, -0.29709768
0.30376598, 0.44907904
-0.54125202, -0.26527449, -2.1659081
-0.29709768, 0.63023776, -0.71727651
0.30950812, 0.44333714
-0.43682626, 0.85890919, 0.79721308
-0.57734919, 0.57734919, 0.57734919
0.71159041, 0.2741949
-0.43682626, 0.6811378, 0.50683284
-0.70708334, 0.0, -0.70708334
0.76985687, 0.23852378
-0.43682626, 0.68113786, 0.79721308
-0.70708334, 0.0, 0.70708334
0.71159041, 0.23852378
-0.43682626, 0.85890919, 0.50683284
-0.57734919, 0.57734919, -0.57734919
0.76985687, 0.2741949
0.43682626, 0.6811378, 0.50683284
0.70708334, 0.0, -0.70708334
0.80552804, 0.44949907
-0.43682626, 0.6811378, 0.50683284
-0.70708334, 0.0, -0.70708334
0.8055281, 0.2741949
0.43682626, 0.85890919, 0.50683284
0.57734919, 0.57734919, -0.57734919
0.76985681, 0.44949907
0.43682626, 0.68113786, 0.79721308
0.70708334, 0.0, 0.70708334
0.71159041, 0.48517019
0.43682626, 0.6811378, 0.50683284
0.70708334, 0.0, -0.70708334
0.76985681, 0.48517019
0.43682626, 0.85890919, 0.79721308
0.57734919, 0.57734919, 0.57734919
0.71159041, 0.44949907
-0.43682626, 0.68113786, 0.79721308
-0.70708334, 0.0, 0.70708334
0.67591918, 0.2741949
0.43682626, 0.68113786, 0.79721308
0.70708334, 0.0, 0.70708334
0.67591918, 0.44949907
-0.51295716, 0.30438611, -0.37153816
-0.77636033, 0.0, 0.63023776
0.00041335, 0.98661681
-0.44925371, 0.24068266, -0.37153819
0.0, -0.77636033, 0.63023776
0.00041335, 0.99939935
-0.44925371, 0.36808956, -0.37153819
0.0, 0.77636033, 0.63023776
0.00041335, 0.97383437
-0.47772363, 0.25247726, -1.91947722
0.0, 0.77636033, -0.63023776
0.31840694, 0.97383426
-0.43267852, 0.23381902, -0.34248605
0.54896694, 0.54896694, 0.63023776
0.00197338, 0.97757817
-0.43267852, 0.23381892, -1.91947722
0.54896694, 0.54896694, -0.63023776
0.31840694, 0.97757817
-0.49429882, 0.259341, -0.37153816
-0.54896694, -0.54896694, 0.63023776
0.00980146, 0.99565533
-0.51295716, 0.30438608, -1.91947722
-0.77636033, 0.0, -0.63023776
0.32040575, 0.98661681
-0.49429882, 0.259341, -1.91947722
-0.54896694, -0.54896694, -0.63023776
0.32040575, 0.99565533
-0.41402012, 0.18877383, -1.91947722
0.77636033, 0.0, -0.63023776
0.31840694, 0.98661681
-0.44925371, 0.24068266, -0.37153819
0.0, -0.77636033, 0.63023776
0.00980146, 0.99939935
-0.44925371, 0.24068263, -1.91947722
0.0, -0.77636033, -0.63023776
0.32040575, 0.99939935
-0.41402012, 0.18877387, -0.34248599
0.77636033, 0.0, 0.63023776
0.00197338, 0.98661681
-0.43267852, 0.14372873, -1.91947722
0.54896694, -0.54896694, -0.63023776
0.31840694, 0.99565533
-0.40420857, 0.259341, -0.37153819
0.54896694, -0.54896694, 0.63023776
0.00780264, 0.99565533
-0.44925371, 0.24068263, -1.91947722
0.0, -0.77636033, -0.63023776
0.31840694, 0.99939935
-0.40420857, 0.259341, -1.91947722
0.54896694, -0.54896694, -0.63023776
0.31840694, 0.99565533
-0.43267852, 0.14372875, -0.34248602
0.54896694, -0.54896694, 0.63023776
0.00197338, 0.99565533
-0.47772363, 0.12507035, -1.91947722
0.0, -0.77636033, -0.63023776
0.31840694, 0.99939935
-0.40420857, 0.259341, -1.91947722
0.54896694, -0.54896694, -0.63023776
0.00041335, 0.99565533
-0.49429882, 0.259341, -1.91947722
-0.54896694, -0.54896694, -0.63023776
0.00041335, 0.99565533
-0.49429882, 0.34943122, -1.91947722
-0.54896694, 0.54896694, -0.63023776
0.00041335, 0.97757827
-0.3855502, 0.30438611, -0.37153816
0.77636033, 0.0, 0.63023776
0.00780264, 0.98661681
-0.3855502, 0.30438608, -1.91947722
0.77636033, 0.0, -0.63023776
0.31840694, 0.98661681
-0.52276874, 0.14372876, -0.34248599
-0.54896694, -0.54896694, 0.63023776
0.00197338, 0.99565533
-0.52276874, 0.14372873, -1.91947722
-0.54896694, -0.54896694, -0.63023776
0.31840694, 0.99565533
-0.49429882, 0.34943125, -0.37153819
-0.54896694, 0.54896694, 0.63023776
0.00980146, 0.97757828
-0.44925371, 0.36808956, -1.91947722
0.0, 0.77636033, -0.63023776
0.32040575, 0.97383426
-0.49429882, 0.34943122, -1.91947722
-0.54896694, 0.54896694, -0.63023776
0.32040575, 0.97757828
-0.40420857, 0.34943125, -0.37153819
0.54896694, 0.54896694, 0.63023776
0.00780264, 0.97757828
-0.40420857, 0.34943122, -1.91947722
0.54896694, 0.54896694, -0.63023776
0.31840694, 0.97757828
-0.54142708, 0.18877387, -0.34248599
-0.77636033, 0.0, 0.63023776
0.00197338, 0.98661681
-0.54142708, 0.18877383, -1.91947722
-0.77636033, 0.0, -0.63023776
0.31840694, 0.98661681
-0.54142708, 0.18877387, -0.34248599
-0.77636033, 0.0, 0.63023776
0.00041335, 0.98661681
-0.43267852, 0.14372875, -0.34248602
0.54896694, -0.54896694, 0.63023776
0.00041335, 0.99565533
-0.41402012, 0.18877387, -0.34248599
0.77636033, 0.0, 0.63023776
0.00041335, 0.98661681
-0.44925371, 0.36808956, -0.37153819
0.0, 0.77636033, 0.63023776
0.00780264, 0.97383437
-0.44925371, 0.36808956, -1.91947722
0.0, 0.77636033, -0.63023776
0.31840694, 0.97383426
-0.52276874, 0.23381899, -0.34248605
-0.54896694, 0.54896694, 0.63023776
0.00197338, 0.97757817
-0.52276874, 0.23381892, -1.91947722
-0.54896694, 0.54896694, -0.63023776
0.31840694, 0.97757817
-0.51295716, 0.30438611, -0.37153816
-0.77636033, 0.0, 0.63023776
0.00980146, 0.98661681
-0.43267852, 0.14372873, -1.91947722
0.54896694, -0.54896694, -0.63023776
0.00041335, 0.99565533
-0.52276874, 0.14372873, -1.91947722
-0.54896694, -0.54896694, -0.63023776
0.00041335, 0.99565533
-0.52276874, 0.23381892, -1.91947722
-0.54896694, 0.54896694, -0.63023776
0.00041335, 0.97757816
-0.38391221, -0.26527449, -2.1659081
-0.65178382, 0.16611224, -0.73998231
0.88328922, 0.7852703
-0.38391221, -0.26527449, -1.95915937
-1.0, 0.0, 0.0
0.84180367, 0.7852703
-0.38391221, 0.65571672, -1.95915937
-0.58983123, 0.63042086, -0.50459301
0.84180367, 0.97007329
-0.35035211, 0.65571672, -1.95915937
0.58983123, 0.63042086, -0.50459301
0.84180367, 0.97007329
-0.35035211, -0.26527449, -2.1659081
0.65178382, 0.16611224, -0.73998231
0.92879826, 0.73839176
-0.35035211, 0.65571672, -1.95915937
0.58983123, 0.63042086, -0.50459301
0.88731265, 0.55358875
-0.35035211, -0.26527449, -1.95915937
1.0, 0.0, 0.0
0.88731265, 0.73839176
0.38391221, 0.65571672, -1.95915937
0.58983123, 0.63042086, -0.50459301
0.84180367, 0.58548394
0.35035211, -0.26527449, -2.1659081
-0.65178382, 0.16611224, -0.73998231
0.88328922, 0.7702869
0.35035211, 0.65571672, -1.95915937
-0.58983123, 0.63042086, -0.50459301
0.84180367, 0.58548394
0.38391221, -0.26527449, -2.1659081
0.65178382, 0.16611224, -0.73998231
0.88328922, 0.7702869
0.38391221, -0.26527449, -1.95915937
1.0, 0.0, 0.0
0.84180367, 0.7702869
0.35035211, 0.65571672, -1.95915937
-0.58983123, 0.63042086, -0.50459301
0.88731265, 0.99905203
0.35035211, -0.26527449, -2.1659081
-0.65178382, 0.16611224, -0.73998231
0.92879826, 0.81424907
0.35035211, -0.26527449, -1.95915937
-1.0, 0.0, 0.0
0.88731265, 0.81424907
0.38391221, -0.22192097, -0.37779245
0.30149236, 0.30149236, -0.90450758
0.47774944, 0.19340867
0.0, 0.53251314, -0.37779245
0.0, 0.0, -1.0
0.46869823, 0.11637771
0.38391221, 0.5325132, -0.37779245
0.70708334, 0.0, -0.70708334
0.46869811, 0.19340867
-0.38391221, -0.22192097, -0.37779245
-0.30149236, 0.30149236, -0.90450758
0.47774944, 0.03933954
-0.56483072, -0.27138868, -0.37779242
-0.57734919, -0.57734919, -0.57734919
0.4896608, 0.0362556
-0.56483072, -0.22192097, -0.37779245
-0.57734919, 0.57734919, -0.57734919
0.47774944, 0.0362556
0.0, 0.62637889, -1.84627676
0.0, 1.0, 0.0
0.29466271, 0.50588807
0.17517605, 0.63211197, -0.37779245
-0.08322398, 0.99652088, 0.0
1.71e-06, 0.5410383
0.17517605, 0.63211185, -1.84627676
-0.08322398, 0.99652088, 0.0
0.29466283, 0.5410383
-0.17517605, 0.63211197, -0.37779245
0.08322398, 0.99652088, 0.0
1.59e-06, 0.47073781
-0.17517605, 0.63211185, -1.84627676
0.08322398, 0.99652088, 0.0
0.29466259, 0.47073781
0.35035211, 0.65571678, -0.37779242
-0.13351847, 0.99102753, 0.0
1.65e-06, 0.57618853
0.35035211, 0.65571672, -1.84627676
-0.13351847, 0.99102753, 0.0
0.29466271, 0.57618853
-0.35035211, 0.65571678, -0.37779242
0.13351847, 0.99102753, 0.0
1.65e-06, 0.43558753
-0.35035211, 0.65571672, -1.84627676
0.13351847, 0.99102753, 0.0
0.29466271, 0.43558764
-0.35035211, 0.37728402, -1.84627676
0.70708334, 0.0, -0.70708334
0.62014419, 0.27831995
0.35035211, 0.56103683, -1.84627676
-0.90450758, 0.30149236, -0.30149236
0.47954312, 0.24144864
0.35035211, 0.37728402, -1.84627676
-0.70708334, 0.0, -0.70708334
0.47954312, 0.27831995
-0.35035211, 0.12507035, -1.84627664
0.57734919, 0.57734919, -0.57734919
0.62014419, 0.32892835
-0.35035211, 0.56103683, -1.84627676
0.90450758, 0.30149236, -0.30149236
0.78801638, 0.04687762
0.35035211, 0.56103688, -0.37779242
-0.70708334, 0.70708334, 0.0
0.49335515, 0.18747854
0.35035211, 0.56103683, -1.84627676
-0.90450758, 0.30149236, -0.30149236
0.78801638, 0.18747854
-0.35035211, 0.12507035, -1.95915937
0.4082461, 0.4082461, -0.8164922
0.81368136, 0.04687762
0.35035211, 0.12507035, -1.84627664
-0.57734919, 0.57734919, -0.57734919
0.79103088, 0.18747854
0.35035211, 0.12507035, -1.95915937
-0.30613115, 0.30613115, -0.90139472
0.81368136, 0.18747854
-0.56986839, -0.29323602, -1.95915937
-0.57734919, -0.57734919, -0.57734919
0.66419154, 0.41365206
-0.38391221, 0.12507035, -1.95915937
-0.4082461, 0.4082461, -0.8164922
0.62687814, 0.32971621
-0.35035211, 0.12507035, -1.95915937
0.4082461, 0.4082461, -0.8164922
0.62014419, 0.32971621
0.35035211, 0.56103683, -1.84627676
-0.90450758, 0.30149236, -0.30149236
0.86466205, 0.98005399
0.35035211, 0.65571678, -0.37779245
-0.70708334, 0.70708334, 0.0
0.57000083, 0.99905203
-0.35035211, 0.65571678, -0.37779245
0.70708334, 0.70708334, 0.0
0.57000083, 0.55358875
-0.35035211, 0.56103683, -1.84627676
0.90450758, 0.30149236, -0.30149236
0.86466205, 0.57258686
0.35035211, 0.12507035, -1.95915937
-0.30613115, 0.30613115, -0.90139472
0.88731265, 0.8925743
0.35035211, 0.12507035, -1.84627664
-0.57734919, 0.57734919, -0.57734919
0.86466205, 0.8925743
0.35035211, 0.37728402, -1.84627676
-0.70708334, 0.0, -0.70708334
0.86466205, 0.94318271
-0.35035211, 0.37728402, -1.84627676
0.70708334, 0.0, -0.70708334
0.86466205, 0.60945812
-0.43917149, 0.42064288, -1.70900595
0.70708334, 0.0, -0.70708334
0.94538015, 0.91494644
-0.43917149, 0.61344534, -1.67544615
1.0, 0.0, 0.0
0.98406726, 0.90821254
-0.43917149, 0.42064288, -1.67544615
0.70708334, 0.0, 0.70708334
0.94538027, 0.90821254
-0.43917149, 0.42064288, -1.54120541
0.70708334, 0.0, -0.70708334
0.94538015, 0.88127601
-0.43917149, 0.61344534, -1.50764561
0.70708334, 0.0, 0.70708334
0.98406726, 0.87454212
-0.43917149, 0.42064288, -1.50764549
0.70708334, 0.0, 0.70708334
0.94538027, 0.87454212
-0.43917149, 0.61344534, -1.37340498
0.70708334, 0.0, -0.70708334
0.98406726, 0.84760606
-0.43917149, 0.42064288, -1.33984494
0.70708334, 0.0, 0.70708334
0.94538027, 0.84087193
-0.43917149, 0.42064288, -1.37340486
0.70708334, 0.0, -0.70708334
0.94538027, 0.84760606
-0.43917149, 0.61344534, -1.2056042
0.70708334, 0.0, -0.70708334
0.98406726, 0.8139354
-0.43917149, 0.42064294, -1.17204428
0.70708334, 0.0, 0.70708334
0.94538015, 0.80720127
-0.43917149, 0.42064294, -1.20560408
0.70708334, 0.0, -0.70708334
0.94538027, 0.8139354
-0.43917149, 0.61344534, -1.03780377
0.70708334, 0.0, -0.70708334
0.98406726, 0.78026569
-0.43917149, 0.42064294, -1.00424349
0.70708334, 0.0, 0.70708334
0.94538015, 0.77353156
-0.43917149, 0.42064294, -1.03780365
0.70708334, 0.0, -0.70708334
0.94538027, 0.78026569
-0.43917149, 0.61344534, -0.87000304
0.70708334, 0.0, -0.70708334
0.98406726, 0.74659503
-0.43917149, 0.42064294, -0.83644283
0.70708334, 0.0, 0.70708334
0.94538015, 0.73986065
-0.43917149, 0.42064294, -0.87000299
0.70708334, 0.0, -0.70708334
0.94538015, 0.74659503
-0.43917149, 0.42064294, -0.70220232
0.70708334, 0.0, -0.70708334
0.94538015, 0.71292484
-0.43917149, 0.61344534, -0.6686424
0.70708334, 0.0, 0.70708334
0.98406726, 0.70619071
-0.43917149, 0.42064294, -0.66864234
0.70708334, 0.0, 0.70708334
0.94538015, 0.70619071
-0.43917149, 0.42064294, -0.53440166
0.70708334, 0.0, -0.70708334
0.94538015, 0.67925441
-0.43917149, 0.61344546, -0.50084162
1.0, 0.0, 0.0
0.98406726, 0.67252052
-0.43917149, 0.42064294, -0.50084156
0.70708334, 0.0, 0.70708334
0.94538015, 0.67252052
-0.43917149, 0.61344534, -2.0446074
0.70708334, 0.0, -0.70708334
0.98406726, 0.98228729
-0.43917149, 0.42064279, -2.01104736
0.70708334, 0.0, 0.70708334
0.94538015, 0.97555315
-0.43917149, 0.42064279, -2.0446074
0.70708334, 0.0, -0.70708334
0.94538027, 0.98228729
-0.43917149, 0.42064288, -1.87680674
0.70708334, 0.0, -0.70708334
0.94538027, 0.94861686
-0.43917149, 0.61344534, -1.84324682
0.70708334, 0.0, 0.70708334
0.98406738, 0.94188273
-0.43917149, 0.42064288, -1.84324658
0.70708334, 0.0, 0.70708334
0.94538015, 0.94188273
-0.43917149, 0.61344546, -0.36660111
0.70708334, 0.0, -0.70708334
0.98406726, 0.64558423
-0.43917149, 0.42064294, -0.33304116
0.70708334, 0.0, 0.70708334
0.94538015, 0.63885009
-0.43917149, 0.42064294, -0.36660108
0.70708334, 0.0, -0.70708334
0.94538015, 0.64558423
-0.43917149, 0.61344546, -0.19880046
0.70708334, 0.0, -0.70708334
0.98406726, 0.6119138
-0.43917149, 0.42064294, -0.16524048
0.70708334, 0.0, 0.70708334
0.94538015, 0.60517967
-0.43917149, 0.42064294, -0.19880043
0.70708334, 0.0, -0.70708334
0.94538015, 0.6119138
-0.43917149, 0.61344546, -0.03099976
0.70708334, 0.0, -0.70708334
0.98406726, 0.57824337
-0.43917149, 0.42064294, 0.00256018
0.70708334, 0.0, 0.70708334
0.94538015, 0.57150948
-0.43917149, 0.42064294, -0.03099976
0.70708334, 0.0, -0.70708334
0.94538015, 0.57824337
-0.47273162, 0.42064288, -1.70900595
-0.70708334, 0.0, -0.70708334
0.94538015, 0.91494644
-0.47273162, 0.61344534, -1.67544615
-1.0, 0.0, 0.0
0.98406726, 0.90821254
-0.47273162, 0.61344534, -1.70900607
-0.70708334, 0.0, -0.70708334
0.98406738, 0.91494644
-0.47273162, 0.42064288, -1.54120541
-0.70708334, 0.0, -0.70708334
0.94538015, 0.88127601
-0.47273162, 0.61344534, -1.50764561
-0.70708334, 0.0, 0.70708334
0.98406726, 0.87454212
-0.47273162, 0.61344534, -1.54120541
-0.70708334, 0.0, -0.70708334
0.98406738, 0.88127601
-0.47273162, 0.42064288, -1.33984494
-0.70708334, 0.0, 0.70708334
0.94538027, 0.84087193
-0.47273162, 0.61344534, -1.37340498
-0.70708334, 0.0, -0.70708334
0.98406726, 0.84760606
-0.47273162, 0.42064288, -1.37340486
-0.70708334, 0.0, -0.70708334
0.94538027, 0.84760606
-0.47273162, 0.42064294, -1.17204428
-0.70708334, 0.0, 0.70708334
0.94538015, 0.80720127
-0.47273162, 0.61344534, -1.2056042
-0.70708334, 0.0, -0.70708334
0.98406726, 0.8139354
-0.47273162, 0.42064294, -1.20560408
-0.70708334, 0.0, -0.70708334
0.94538027, 0.8139354
-0.47273162, 0.42064294, -1.00424349
-0.70708334, 0.0, 0.70708334
0.94538015, 0.77353156
-0.47273162, 0.61344534, -1.03780377
-0.70708334, 0.0, -0.70708334
0.98406726, 0.78026569
-0.47273162, 0.42064294, -1.03780365
-0.70708334, 0.0, -0.70708334
0.94538027, 0.78026569
-0.47273162, 0.42064294, -0.83644283
-0.70708334, 0.0, 0.70708334
0.94538015, 0.73986065
-0.47273162, 0.61344534, -0.87000304
-0.70708334, 0.0, -0.70708334
0.98406726, 0.74659503
-0.47273162, 0.42064294, -0.87000299
-0.70708334, 0.0, -0.70708334
0.94538015, 0.74659503
-0.47273162, 0.42064294, -0.70220232
-0.70708334, 0.0, -0.70708334
0.94538015, 0.71292484
-0.47273162, 0.61344534, -0.6686424
-0.70708334, 0.0, 0.70708334
0.98406726, 0.70619071
-0.47273162, 0.61344534, -0.70220244
-0.70708334, 0.0, -0.70708334
0.98406726, 0.71292484
-0.47273162, 0.42064294, -0.53440166
-0.70708334, 0.0, -0.70708334
0.94538015, 0.67925441
-0.47273162, 0.61344546, -0.50084162
-1.0, 0.0, 0.0
0.98406726, 0.67252052
-0.47273162, 0.61344546, -0.53440177
-0.70708334, 0.0, -0.70708334
0.98406726, 0.67925441
-0.47273162, 0.42064279, -2.01104736
-0.70708334, 0.0, 0.70708334
0.94538015, 0.97555315
-0.47273162, 0.61344534, -2.0446074
-0.70708334, 0.0, -0.70708334
0.98406726, 0.98228729
-0.47273162, 0.42064279, -2.0446074
-0.70708334, 0.0, -0.70708334
0.94538027, 0.98228729
-0.47273162, 0.42064288, -1.87680674
-0.70708334, 0.0, -0.70708334
0.94538027, 0.94861686
-0.47273162, 0.61344534, -1.84324682
-0.70708334, 0.0, 0.70708334
0.98406738, 0.94188273
-0.47273162, 0.61344534, -1.87680697
-0.70708334, 0.0, -0.70708334
0.98406726, 0.94861686
-0.47273162, 0.42064294, -0.33304116
-0.70708334, 0.0, 0.70708334
0.94538015, 0.63885009
-0.47273162, 0.61344546, -0.36660111
-0.70708334, 0.0, -0.70708334
0.98406726, 0.64558423
-0.47273162, 0.42064294, -0.36660108
-0.70708334, 0.0, -0.70708334
0.94538015, 0.64558423
-0.47273162, 0.42064294, -0.16524048
-0.70708334, 0.0, 0.70708334
0.94538015, 0.60517967
-0.47273162, 0.61344546, -0.19880046
-0.70708334, 0.0, -0.70708334
0.98406726, 0.6119138
-0.47273162, 0.42064294, -0.19880043
-0.70708334, 0.0, -0.70708334
0.94538015, 0.6119138
-0.47273162, 0.42064294, 0.00256018
-0.70708334, 0.0, 0.70708334
0.94538015, 0.57150948
-0.47273162, 0.61344546, -0.03099976
-0.70708334, 0.0, -0.70708334
0.98406726, 0.57824337
-0.47273162, 0.42064294, -0.03099976
-0.70708334, 0.0, -0.70708334
0.94538015, 0.57824337
-0.43917149, 0.61344534, -0.70220244
0.70708334, 0.0, -0.70708334
0.98406726, 0.71292484
-0.47273123, 0.38708284, 0.06968042
-0.57731867, -0.57734919, 0.57734919
0.93864602, 0.55804121
-0.43917111, 0.38708267, -2.11172748
0.57734919, -0.57734919, -0.57734919
0.93864614, 0.99575531
-0.43917111, 0.38708284, 0.06968042
0.57734919, -0.57731867, 0.57734919
0.93864602, 0.55804121
-0.47273162, 0.61344534, -1.00424337
-0.70708334, 0.0, 0.70708334
0.98406726, 0.77353156
-0.43917149, 0.61344534, -1.00424337
0.70708334, 0.0, 0.70708334
0.98406726, 0.77353156
-0.47273123, 0.61344534, -2.11172771
-0.57734919, -0.57731867, -0.57734919
0.98406726, 0.99575531
-0.43917111, 0.6470055, -2.11172748
0.57734919, 0.57734919, -0.57731867
0.99080139, 0.99575531
-0.43917111, 0.61344534, -2.11172771
0.57734919, -0.57731867, -0.57734919
0.98406726, 0.99575531
-0.47273123, 0.38708267, -2.11172748
-0.57734919, -0.57734919, -0.57734919
0.93864614, 0.99575531
-0.43917111, 0.42064279, -2.11172748
0.57734919, 0.57734919, -0.57734919
0.94538027, 0.99575531
-0.47273162, 0.61344534, -0.83644283
-0.70708334, 0.0, 0.70708334
0.98406726, 0.73986065
-0.43917149, 0.61344534, -0.83644283
0.70708334, 0.0, 0.70708334
0.98406726, 0.73986065
-0.43917149, 0.61344534, -1.54120541
0.70708334, 0.0, -0.70708334
0.98406738, 0.88127601
-0.43917149, 0.61344546, -0.53440177
0.70708334, 0.0, -0.70708334
0.98406726, 0.67925441
-0.43917149, 0.61344534, -1.87680697
0.70708334, 0.0, -0.70708334
0.98406726, 0.94861686
-0.43917149, 0.61344534, -1.70900607
0.70708334, 0.0, -0.70708334
0.98406738, 0.91494644
-0.47273162, 0.61344546, 0.00256018
-0.70708334, 0.0, 0.70708334
0.98406726, 0.57150948
-0.43917149, 0.61344546, 0.00256018
0.70708334, 0.0, 0.70708334
0.98406726, 0.57150948
-0.43917149, 0.42064294, 0.06968042
0.57731867, 0.57734919, 0.57734919
0.94538015, 0.55804121
-0.47273162, 0.61344534, -2.01104736
-0.70708334, 0.0, 0.70708334
0.98406738, 0.97555315
-0.43917149, 0.61344534, -2.01104736
0.70708334, 0.0, 0.70708334
0.98406738, 0.97555315
-0.47273123, 0.6470055, -2.11172748
-0.57734919, 0.57734919, -0.57731867
0.99080139, 0.99575531
-0.47273162, 0.61344546, 0.06968042
-0.57734919, -0.57731867, 0.57734919
0.98406726, 0.55804121
-0.47273123, 0.64700556, 0.06968042
-0.57731867, 0.57734919, 0.57734919
0.99080127, 0.55804121
-0.47273162, 0.61344534, -1.33984482
-0.70708334, 0.0, 0.70708334
0.98406726, 0.84087193
-0.43917149, 0.61344534, -1.33984482
0.70708334, 0.0, 0.70708334
0.98406726, 0.84087193
-0.47273162, 0.61344546, -0.33304119
-0.70708334, 0.0, 0.70708334
0.98406726, 0.63885009
-0.43917149, 0.61344546, -0.33304119
0.70708334, 0.0, 0.70708334
0.98406726, 0.63885009
-0.47273162, 0.61344546, -0.16524048
-0.70708334, 0.0, 0.70708334
0.98406726, 0.60517967
-0.43917149, 0.61344546, -0.16524048
0.70708334, 0.0, 0.70708334
0.98406726, 0.60517967
-0.43917149, 0.61344546, 0.06968042
0.57731867, -0.57734919, 0.57734919
0.98406726, 0.55804121
-0.43917111, 0.64700556, 0.06968042
0.57734919, 0.57731867, 0.57734919
0.99080127, 0.55804121
-0.47273162, 0.61344534, -1.17204416
-0.70708334, 0.0, 0.70708334
0.98406738, 0.80720127
-0.43917149, 0.61344534, -1.17204416
0.70708334, 0.0, 0.70708334
0.98406738, 0.80720127
-0.47273162, 0.42064294, 0.06968042
-0.57734919, 0.57731867, 0.57734919
0.94538015, 0.55804121
-0.47273123, 0.42064279, -2.11172748
-0.57734919, 0.57734919, -0.57734919
0.94538027, 0.99575531
-0.38391221, 0.36808956, -0.56866246
0.05038606, 0.9987182, 0.0
0.38405848, 0.98229691
-0.45562086, 0.37170824, -0.63578272
-0.18100528, 0.983459, 0.0
0.38478461, 0.99576514
-0.45562086, 0.37170824, -0.56866252
-0.18100528, 0.983459, 0.0
0.38478461, 0.98229691
-0.50287288, 0.35091794, -0.56866252
-0.75023651, 0.66112244, 0.0
0.38061297, 0.98229691
-0.56986839, 0.12507039, -0.63578278
-0.95867795, 0.28437147, 0.0
0.33529499, 0.99576514
-0.56986839, 0.12507039, -0.56866246
-0.95867795, 0.28437147, 0.0
0.33529499, 0.98229691
-0.50287288, 0.35091791, -0.63578278
-0.75023651, 0.66112244, 0.0
0.38061297, 0.99576514
-0.38391221, 0.36808944, -1.5147438
0.05038606, 0.9987182, 0.0
0.38405848, 0.98229691
-0.45562086, 0.37170824, -1.581864
-0.18100528, 0.983459, 0.0
0.38478461, 0.99576514
-0.45562086, 0.37170824, -1.5147438
-0.18100528, 0.983459, 0.0
0.38478461, 0.98229691
-0.50287288, 0.35091785, -1.5147438
-0.75023651, 0.66112244, 0.0
0.38061297, 0.98229691
-0.56986839, 0.12507035, -1.581864
-0.95867795, 0.28437147, 0.0
0.33529499, 0.99576514
-0.56986839, 0.12507035, -1.5147438
-0.95867795, 0.28437147, 0.0
0.33529499, 0.98229691
-0.50287288, 0.35091785, -1.581864
-0.75023651, 0.66112244, 0.0
0.38061297, 0.99576514
0.56986839, 0.50812429, -0.37779245
0.57734919, 0.57734919, 0.57734919
0.51163858, 0.60078928
0.38391212, -0.2932359, -0.37779242
0.0, -0.89440596, 0.44718772
0.47432515, 0.76158758
0.56986839, -0.2932359, -0.37779242
0.57734919, -0.57734919, 0.57734919
0.51163858, 0.76158758
0.38391221, 0.65571672, -1.84137201
0.70708334, 0.0, 0.70708334
0.5547623, 0.99704558
0.38391221, 0.73729968, -1.87493229
0.40723899, -0.29352704, -0.86483353
0.5547623, 0.98067536
0.38391221, 0.73729968, -1.84137201
0.40723899, -0.29352704, 0.86483353
0.5547623, 0.98067536
0.35035211, 0.73729968, -1.87493229
-0.30149236, -0.30149236, -0.90450758
0.54802817, 0.98067536
0.35035211, 0.65571672, -1.84137201
-0.70708334, 0.0, 0.70708334
0.54802817, 0.99704558
0.35035211, 0.73729968, -1.84137201
-0.30149236, -0.30149236, 0.90450758
0.54802817, 0.98067536
-0.38391218, 0.73729968, -1.87493229
-0.40723899, -0.29352704, -0.86483353
0.40069315, 0.98067536
-0.38391218, 0.65571672, -1.84137201
-0.70708334, 0.0, 0.70708334
0.40069315, 0.99704558
-0.38391218, 0.73729968, -1.84137201
-0.40723899, -0.29352704, 0.86483353
0.40069315, 0.98067536
0.35035211, 0.65571672, -1.87493229
-0.70708334, 0.0, -0.70708334
0.54802817, 0.99704558
0.38391221, 0.65571672, -1.87493229
0.70708334, 0.0, -0.70708334
0.5547623, 0.99704558
-0.35035205, 0.65571672, -1.84137201
0.70708334, 0.0, 0.70708334
0.40742728, 0.99704558
-0.35035205, 0.73729968, -1.87493229
0.30149236, -0.30149236, -0.90450758
0.40742728, 0.98067536
-0.35035205, 0.73729968, -1.84137201
0.30149236, -0.30149236, 0.90450758
0.40742728, 0.98067536
-0.38391218, 0.65571672, -1.87493229
-0.70708334, 0.0, -0.70708334
0.40069315, 0.99704558
-0.35035205, 0.65571672, -1.87493229
0.70708334, 0.0, -0.70708334
0.40742728, 0.99704558
0.48459265, 0.77085978, -1.84137201
0.8316294, 0.13495284, 0.5386517
0.57496452, 0.97394142
0.48459265, 0.77085978, -1.87493229
0.8316294, 0.13495284, -0.5386517
0.57496452, 0.97394142
-0.48459256, 0.77085978, -1.84137201
-0.8316294, 0.13495284, 0.5386517
0.38049099, 0.97394142
-0.48459256, 0.77085978, -1.87493229
-0.8316294, 0.13495284, -0.5386517
0.38049099, 0.97394142
-0.45552826, 0.87294763, -1.88388526
0.0, 0.6385693, -0.76952422
0.48831618, 0.88410426
-0.42646393, 0.77085978, -1.87493229
0.70476395, -0.58110297, -0.4069033
0.49414819, 0.90458894
-0.45552826, 0.77085978, -1.8917129
0.0, -0.58110297, -0.81380659
0.48831618, 0.90458894
-0.43324292, 0.87294763, -1.84528601
0.66643268, 0.6385693, 0.38474685
0.49278796, 0.88410426
-0.42646393, 0.77085978, -1.84137201
0.70476395, -0.58110297, 0.4069033
0.49414819, 0.90458894
-0.45552826, 0.87294763, -1.83241987
0.0, 0.6385693, 0.76952422
0.48831618, 0.88410426
-0.45552826, 0.77085978, -1.82459199
0.0, -0.58110297, 0.81380659
0.48831618, 0.90458894
-0.48459256, 0.77085978, -1.84137201
-0.70476395, -0.58110297, 0.4069033
0.48248425, 0.90458894
-0.47781351, 0.87294763, -1.84528601
-0.66643268, 0.6385693, 0.38474685
0.48384455, 0.88410426
-0.48459256, 0.77085978, -1.87493229
-0.70476395, -0.58110297, -0.4069033
0.48248425, 0.90458894
0.45552832, 0.87294763, -1.88388526
0.0, 0.6385693, -0.76952422
0.48831618, 0.92205524
0.48459265, 0.77085978, -1.87493229
0.70476395, -0.58110297, -0.4069033
0.49414825, 0.94253992
0.45552832, 0.77085978, -1.8917129
0.0, -0.58110297, -0.81380659
0.48831618, 0.94253992
0.47781363, 0.87294763, -1.84528601
0.66643268, 0.6385693, 0.38474685
0.4927879, 0.92205524
0.48459265, 0.77085978, -1.84137201
0.70476395, -0.58110297, 0.4069033
0.49414825, 0.94253992
0.45552832, 0.77085978, -1.82459199
0.0, -0.58110297, 0.81380659
0.48831618, 0.94253992
0.43324298, 0.87294763, -1.84528601
-0.66643268, 0.6385693, 0.38474685
0.48384461, 0.92205524
0.42646399, 0.77085978, -1.84137201
-0.70476395, -0.58110297, 0.4069033
0.48248425, 0.94253992
0.45552832, 0.87294763, -1.83241987
0.0, 0.6385693, 0.76952422
0.48831618, 0.92205524
0.42646399, 0.77085978, -1.87493229
-0.70476395, -0.58110297, -0.40687278
0.48248425, 0.94253992
0.43324298, 0.87294763, -1.87101853
-0.66643268, 0.6385693, -0.38474685
0.48384461, 0.92205524
-0.52170914, 0.27870965, 0.3945525
-0.38267159, 0.0, -0.92385632
0.42874235, 0.30957228
-0.38391235, -0.2932359, -0.37779242
0.0, -0.89440596, 0.44718772
0.51163858, 0.7939695
-0.56986839, 0.12507042, -0.37779242
-0.57734919, 0.57734919, 0.57734919
0.47432527, 0.87790555
-0.56986839, -0.2932359, -0.37779242
-0.57734919, -0.57734919, 0.57734919
0.47432527, 0.7939695
0.0, 0.65571678, -0.37779245
0.0, 0.70708334, -0.70708334
0.44833943, 0.11637771
0.38391221, 0.65571678, -0.37779245
0.57734919, 0.57734919, -0.57734919
0.44833943, 0.19340867
-0.38391221, 0.5325132, -0.37779245
-0.70708334, 0.0, -0.70708334
0.46869811, 0.03933954
0.69685113, 0.41331884, 1.5546962
0.69341105, -0.64775538, -0.31550035
0.62641424, 0.46235424
0.6028828, 0.58447075, 1.5546962
-0.69341105, 0.64775538, -0.31550035
0.64452416, 0.42936939
0.69685113, 0.58447075, 1.5546962
0.69341105, 0.64775538, -0.31550035
0.62641424, 0.42936939
0.6028828, 0.58447075, 1.5546962
-0.69341105, 0.64775538, -0.31550035
0.60553527, 0.42936939
0.649867, 0.44687897, 1.6218164
0.0, -0.34217352, 0.93960387
0.61459017, 0.45588648
0.649867, 0.55091077, 1.6218164
0.0, 0.34217352, 0.93960387
0.61459017, 0.43583721
0.69685113, 0.58447075, 1.5546962
0.69341105, 0.64775538, -0.31550035
0.62364519, 0.42936939
0.69685113, 0.41331884, 1.5546962
0.69341105, -0.64775538, -0.31550035
0.62364519, 0.4623543
0.6028828, 0.41331884, 1.5546962
-0.69341105, -0.64775538, -0.31550035
0.60553527, 0.4623543
0.69685113, 0.32581359, 1.5546962
0.69341105, -0.64775538, -0.31550035
0.62641424, 0.47921854
0.6028828, 0.40761629, 1.5546962
-0.69341105, 0.64775538, -0.31550035
0.64452416, 0.46345329
0.69685113, 0.40761629, 1.5546962
0.69341105, 0.64775538, -0.31550035
0.62641424, 0.46345329
0.6028828, 0.32581359, 1.5546962
-0.69341105, -0.64775538, -0.31550035
0.60553527, 0.47921854
0.649867, 0.37405616, 1.6218164
0.0, 0.34217352, 0.93960387
0.61459017, 0.46992105
0.6028828, 0.40761629, 1.5546962
-0.69341105, 0.64775538, -0.31550035
0.60553527, 0.46345335
0.69685113, 0.32581359, 1.5546962
0.69341105, -0.64775538, -0.31550035
0.62364519, 0.47921854
0.69685113, 0.40761629, 1.5546962
0.69341105, 0.64775538, -0.31550035
0.62364519, 0.46345335
0.649867, 0.35937366, 1.6218164
0.0, -0.34217352, 0.93960387
0.61459017, 0.47275072
0.64448428, 0.62065554, 1.60250711
0.32337412, 0.94625688, 0.0
0.61355287, 0.42239577
0.55526936, 0.60612535, 1.594118
0.0, -0.49998474, -0.86602372
0.59635913, 0.42519605
0.55526936, 0.62065554, 1.60250711
0.0, 1.0, 0.0
0.59635913, 0.42239577
0.64448428, 0.60612535, 1.594118
-0.05221717, -0.05218665, -0.99725336
0.61355287, 0.42519605
0.55526936, 0.60612535, 1.61089599
0.0, -0.49998474, 0.86602372
0.59635913, 0.42519605
0.64448428, 0.60612535, 1.61089599
-0.05221717, -0.05221717, 0.99725336
0.61355287, 0.42519605
0.65901446, 0.60612535, 1.60250711
0.94625688, 0.32337412, 0.0
0.61635309, 0.42519605
0.64448428, 0.29886258, 1.61089599
-0.05218665, 0.05221717, 0.99725336
0.61355287, 0.48441261
0.65901446, 0.29886258, 1.60250711
0.94625688, -0.3233436, 0.0
0.61635309, 0.48441261
0.64448428, 0.29886258, 1.594118
-0.05218665, 0.05218665, -0.99725336
0.61355287, 0.48441261
0.64448428, 0.28433245, 1.60250711
0.32337412, -0.94625688, 0.0
0.61355287, 0.48721296
0.55526936, 0.28433245, 1.60250711
0.0, -1.0, 0.0
0.59635913, 0.48721296
0.55526936, 0.29886258, 1.61089599
0.0, 0.49998474, 0.86602372
0.59635913, 0.48441261
0.55526936, 0.29886258, 1.594118
0.0, 0.49998474, -0.86602372
0.59635913, 0.48441261
-0.6028828, 0.58447075, 1.5546962
0.69341105, 0.64775538, -0.31550035
0.54710281, 0.42936939
-0.69685113, 0.41331884, 1.5546962
-0.69341105, -0.64775538, -0.31550035
0.56521267, 0.46235424
-0.69685113, 0.58447075, 1.5546962
-0.69341105, 0.64775538, -0.31550035
0.56521267, 0.42936939
-0.6028828, 0.58447075, 1.5546962
0.69341105, 0.64775538, -0.31550035
0.58718294, 0.42936939
-0.649867, 0.44687897, 1.6218164
0.0, -0.34217352, 0.93960387
0.57812798, 0.45588648
-0.6028828, 0.41331884, 1.5546962
0.69341105, -0.64775538, -0.31550035
0.58718294, 0.4623543
-0.69685113, 0.58447075, 1.5546962
-0.69341105, 0.64775538, -0.31550035
0.56907308, 0.42936939
-0.649867, 0.55091077, 1.6218164
0.0, 0.34217352, 0.93960387
0.57812798, 0.43583721
-0.69685113, 0.41331884, 1.5546962
-0.69341105, -0.64775538, -0.31550035
0.56907308, 0.4623543
-0.6028828, 0.40761629, 1.5546962
0.69341105, 0.64775538, -0.31550035
0.54710281, 0.46345329
-0.69685113, 0.32581359, 1.5546962
-0.69341105, -0.64775538, -0.31550035
0.56521267, 0.47921854
-0.69685113, 0.40761629, 1.5546962
-0.69341105, 0.64775538, -0.31550035
0.56521267, 0.46345329
-0.649867, 0.37405616, 1.6218164
0.0, 0.34217352, 0.93960387
0.57812798, 0.46992105
-0.6028828, 0.32581359, 1.5546962
0.69341105, -0.64775538, -0.31550035
0.58718294, 0.47921854
-0.6028828, 0.40761629, 1.5546962
0.69341105, 0.64775538, -0.31550035
0.58718294, 0.46345335
-0.69685113, 0.32581359, 1.5546962
-0.69341105, -0.64775538, -0.31550035
0.56907308, 0.47921854
-0.69685113, 0.40761629, 1.5546962
-0.69341105, 0.64775538, -0.31550035
0.56907308, 0.46345335
-0.649867, 0.35937366, 1.6218164
0.0, -0.34217352, 0.93960387
0.57812798, 0.47275072
-0.55526936, 0.60612535, 1.594118
0.0, -0.49998474, -0.86602372
0.59635913, 0.42519605
-0.64448428, 0.62065554, 1.60250711
-0.32337412, 0.94625688, 0.0
0.5791654, 0.42239577
-0.55526936, 0.62065554, 1.60250711
0.0, 1.0, 0.0
0.59635913, 0.42239577
-0.55526936, 0.60612535, 1.61089599
0.0, -0.49998474, 0.86602372
0.59635913, 0.42519605
-0.64448428, 0.60612535, 1.594118
0.05221717, -0.05218665, -0.99725336
0.5791654, 0.42519605
-0.64448428, 0.60612535, 1.61089599
0.05221717, -0.05221717, 0.99725336
0.5791654, 0.42519605
-0.65901446, 0.60612535, 1.60250711
-0.94625688, 0.32337412, 0.0
0.57636511, 0.42519605
-0.64448428, 0.29886258, 1.61089599
0.05218665, 0.05221717, 0.99725336
0.5791654, 0.48441261
-0.65901446, 0.29886258, 1.60250711
-0.94625688, -0.3233436, 0.0
0.57636511, 0.48441261
-0.64448428, 0.29886258, 1.594118
0.05218665, 0.05218665, -0.99725336
0.5791654, 0.48441261
-0.64448428, 0.28433245, 1.60250711
-0.32337412, -0.94625688, 0.0
0.5791654, 0.48721296
-0.55526936, 0.28433245, 1.60250711
0.0, -1.0, 0.0
0.59635913, 0.48721296
-0.55526936, 0.29886258, 1.61089599
0.0, 0.49998474, 0.86602372
0.59635913, 0.48441261
-0.55526936, 0.29886258, 1.594118
0.0, 0.49998474, -0.86602372
0.59635913, 0.48441261
0.55526924, -0.23938338, 1.71053398
1.0, 0.0, 0.0
0.03835185, 0.76509124
0.55526936, 0.27870974, 1.71053398
1.0, 0.0, 0.0
0.03835089, 0.6611329
-0.55526996, 0.31004804, 1.33320594
-1.0, 0.0, 0.0
0.11406426, 0.90071259
-0.55527008, 0.32581374, 1.31744015
-1.0, 0.0, 0.0
0.11722776, 0.90387609
-0.55526936, 0.27870974, 1.28366172
-1.0, 0.0, 0.0
0.12400565, 0.89442432
0.55526936, 0.27870974, 1.28366172
1.0, 0.0, 0.0
0.12400565, 0.6611329
0.5552699, 0.31004804, 1.66018367
0.99996948, 0.0, 0.0
0.04845399, 0.65484461
-0.55526996, -0.15237804, 1.40471268
-1.0, 0.0, 0.0
0.09971592, 0.80792373
-0.55526924, -0.23938338, 1.71053398
-0.99996948, 0.0, 0.0
0.03835184, 0.79046603
-0.5552699, -0.05654592, 1.36057949
-1.0, 0.0, 0.0
0.10857154, 0.82715307
0.55527061, 0.59588146, 1.33599937
1.0, 0.0, 0.0
0.11350378, 0.59749019
0.5552699, 0.62562662, 1.28366196
1.0, 0.0, 0.0
0.12400565, 0.59152165
0.55526996, 0.62562662, 1.6342051
1.0, 0.0, 0.0
0.05366681, 0.59152168
0.55527061, 0.5822317, 1.61129296
1.0, 0.0, 0.0
0.05826426, 0.60022914
0.5552699, 0.31004804, 1.33320582
1.0, 0.0, 0.0
0.11406429, 0.65484464
0.55527055, 0.59588146, 1.59014285
1.0, 0.0, 0.0
0.06250821, 0.59749028
-0.55527061, 0.59588146, 1.59014285
-1.0, 0.0, 0.0
0.06250819, 0.95806706
-0.55527061, 0.5822317, 1.61129308
-1.0, 0.0, 0.0
0.05826422, 0.95532811
-0.55526924, 0.62562662, 1.63420498
-1.0, 0.0, 0.0
0.05366684, 0.96403559
-0.55527121, 0.59588146, 1.33599961
-1.0, 0.0, 0.0
0.11350372, 0.95806706
-0.5552699, 0.56349891, 1.67912567
-1.0, 0.0, 0.0
0.04465313, 0.9515692
-0.5552699, 0.31555021, 1.74139023
-1.0, 0.0, 0.0
0.03215957, 0.90181661
-0.55526799, 0.59914559, 1.20891583
-0.99996948, 0.0, 0.0
0.13900398, 0.95872205
-0.5552693, 0.31454068, 0.96022516
-1.0, 0.0, 0.0
0.18890536, 0.90161406
-0.55526805, 0.31454062, 1.20894289
-1.0, 0.0, 0.0
0.13899849, 0.90161404
-0.52170926, 0.292799, 1.88368571
-0.37672049, 0.20743431, 0.90276802
0.00360686, 0.89725146
0.5552687, 0.31454062, 0.96022516
1.0, 0.0, 0.0
0.1889054, 0.65394315
0.55526996, 0.59914571, 1.20891583
1.0, 0.0, 0.0
0.13900392, 0.59683523
0.5552693, 0.31454068, 1.20894289
0.99996948, 0.0, 0.0
0.13899851, 0.65394315
0.55526924, -0.16173315, 0.7839486
1.0, 0.0, 0.0
0.22427642, 0.74951065
0.5552693, -0.23701175, 0.47398427
1.0, 0.0, 0.0
0.28647286, 0.76461574
0.5552687, -0.06489238, 0.8278299
1.0, 0.0, 0.0
0.21547134, 0.73007891
-0.5552699, 0.59091026, 1.70653713
-1.0, 0.0, 0.0
0.03915307, 0.95706837
-0.55526936, 0.27870965, 0.89450794
-1.0, 0.0, 0.0
0.20209199, 0.89442432
0.55526996, 0.59914583, 0.96022516
0.99996948, 0.0, 0.0
0.18890537, 0.59683517
0.5552693, 0.62217605, 0.89450812
1.0, 0.0, 0.0
0.20209199, 0.59221396
0.55526936, 0.27870965, 0.89450794
1.0, 0.0, 0.0
0.20209199, 0.6611329
0.03260699, 0.59091026, 1.81518698
0.0, 0.22391431, 0.97457808
0.11496337, 0.24692708
0.01630349, 0.57460701, 1.81893289
0.0, 0.22391431, 0.97457808
0.11169197, 0.25019848
-0.52170926, 0.59091026, 1.81518698
-0.37672049, 0.20743431, 0.90276802
0.01735163, 0.95706954
-0.55526936, 0.29279914, 1.85012567
-0.92138433, 0.08700827, 0.37873471
0.01034088, 0.89725145
-0.55526996, -0.23701176, 0.47398427
-1.0, 0.0, 0.0
0.28647357, 0.79094151
-0.55526936, 0.27870962, 0.47398415
-0.99996948, 0.0, 0.0
0.28647292, 0.89442432
-0.55526984, 0.30782267, 0.53032994
-1.0, 0.0, 0.0
0.27516672, 0.90026604
-0.5552687, 0.57179332, 0.87474269
-1.0, 0.0, 0.0
0.20605803, 0.95323361
-0.5552687, 0.59690911, 0.84962678
-1.0, 3.052e-05, 0.0
0.21109769, 0.95827328
-0.5552699, 0.30782279, 0.85326606
-1.0, 0.0, 0.0
0.21036744, 0.90026605
0.55526924, 0.59690922, 0.54369247
1.0, 0.0, 0.0
0.27248538, 0.59728399
0.5552693, 0.57204777, 0.51883107
1.0, 0.0, 0.0
0.27747396, 0.60227266
0.55526924, 0.62217611, 0.47398421
1.0, 0.0, 0.0
0.28647277, 0.59221408
0.55526924, 0.59690922, 0.84962696
1.0, 0.0, 0.0
0.2110977, 0.59728393
0.55526924, 0.30782267, 0.85326594
1.0, 0.0, 0.0
0.21036747, 0.65529111
0.55526924, 0.30782267, 0.53033006
1.0, 0.0, 0.0
0.27516672, 0.65529111
0.52170926, 0.64757758, 1.80216622
0.33170569, 0.4773095, 0.81368452
0.21310484, 0.23555636
0.0, 0.6475777, 1.80216599
0.0, 0.52861112, 0.84884185
0.10842057, 0.23555636
-0.03260684, 0.59091026, 1.81518698
0.0, 0.22391431, 0.97457808
0.10187779, 0.24692708
-0.52170926, 0.64757758, 1.80216622
-0.33170569, 0.4773095, 0.81368452
0.00373607, 0.23555636
0.52170926, 0.59091026, 1.81518698
0.37672049, 0.20743431, 0.90276802
0.01735163, 0.59848773
0.55526936, 0.29279914, 1.85012567
0.92138433, 0.08700827, 0.37873471
0.01034088, 0.65830576
0.52170926, 0.292799, 1.88368571
0.37672049, 0.20743431, 0.90276802
0.00360686, 0.65830576
0.55526924, 0.31555021, 1.74139023
1.0, 0.0, 0.0
0.03215951, 0.65374056
0.55526805, 0.56349891, 1.67912543
1.0, 0.0, 0.0
0.04465323, 0.60398799
-0.52170926, 0.59091026, 1.81518698
-0.37672049, 0.20743431, 0.90276802
0.00373607, 0.24692708
-0.01630342, 0.57460701, 1.81893289
0.0, 0.22391431, 0.97457808
0.10514918, 0.25019848
0.01630344, 0.30910254, 1.87993956
0.0, 0.22391431, 0.97457808
0.11169197, 0.30347371
0.0, 0.59091026, 1.8151865
0.0, 0.22391431, 0.97457808
0.10842057, 0.24692708
-0.01630343, 0.30910254, 1.87993956
0.0, 0.22391431, 0.97457808
0.10514918, 0.30347371
0.55526936, -0.29323587, 0.42811233
0.71727651, -0.63023776, -0.29709768
0.29567739, 0.77589755
0.52170926, -0.29323587, 1.88692319
0.29709768, -0.63023776, 0.71727651
0.00295725, 0.77589753
0.52170926, 0.292799, 1.88368571
0.37672049, 0.20743431, 0.90276802
0.21310484, 0.30674511
0.55526936, 0.27870962, 0.47398415
1.0, 0.0, 0.0
0.28647292, 0.6611329
0.55526936, -0.29323587, 0.80728513
0.57734919, -0.57734919, 0.57734919
0.21959385, 0.77589755
0.55526924, -0.23701176, 0.77537429
1.0, 0.0, 0.0
0.2259969, 0.76461579
0.5552693, -0.16441935, 0.80728513
0.76598406, -0.15588854, 0.62364572
0.21959385, 0.75004962
0.5552693, 0.0137745, 0.894508
1.0, 0.0, 0.0
0.20209195, 0.71429378
0.5552693, 0.05166389, 1.02878165
0.76598406, -0.62364572, 0.15588854
0.17514907, 0.70669103
0.5552687, 0.02162095, 1.28366172
1.0, 0.0, 0.0
0.12400562, 0.71271947
0.55526924, -0.06373899, 1.33082271
0.74690998, -0.40696433, -0.52580339
0.11454248, 0.72984743
0.55526924, -0.06373899, 0.86098093
0.74690998, -0.40696433, 0.52577287
0.20881937, 0.72984743
0.55526686, -0.2393833, 1.40723467
1.0, 0.0, 3.052e-05
0.09920989, 0.7650917
0.55526936, -0.29323581, 1.38451934
0.57734919, -0.57731867, -0.57731867
0.10376792, 0.77589755
0.55526924, -0.00203235, 0.9281013
0.73668629, -0.55165255, 0.39106417
0.19535124, 0.71746558
0.55526924, 0.05166389, 1.16302204
0.76598406, -0.62364572, -0.15588854
0.14821276, 0.70669103
0.55526924, -0.00203235, 1.26370251
0.73668629, -0.55165255, -0.39106417
0.1280106, 0.71746558
0.52170914, 0.64757758, 0.39455244
0.34156317, 0.34156317, -0.87557602
0.30241138, 0.58711702
0.0, 0.64757746, 0.39455244
0.0, 0.38267159, -0.92385632
0.29048094, 0.11637419
-0.55526823, 0.60512704, 0.894508
-0.99996948, 6.104e-05, 0.0
0.20209195, 0.95992227
-0.5552699, 0.57204777, 0.51883096
-1.0, 0.0, 0.0
0.27747408, 0.95328467
-0.55526978, 0.3254388, 0.5188309
-1.0, 0.0, 0.0
0.27747411, 0.90380086
0.38391221, 0.65571678, -0.37779245
0.57734919, 0.57734919, -0.57734919
0.47124019, 0.58548394
0.38391221, -0.22192097, -0.37779245
0.30149236, 0.30149236, -0.90450758
0.47124019, 0.76158758
0.56986839, -0.29323602, -1.95915937
0.57734919, -0.57734919, -0.57734919
0.83248883, 0.77589755
0.56986839, 0.50812423, -1.95915937
0.57734919, 0.57734919, -0.57734919
0.83248883, 0.61509925
0.56986833, -0.10709026, -1.19963753
0.74690998, -0.40696433, 0.52580339
0.68008572, 0.73854616
0.56986839, -0.2932359, -0.37779242
0.57734919, -0.57734919, 0.57734919
0.51517707, 0.77589755
0.56986821, -0.10709023, -0.7539531
0.74690998, -0.40696433, -0.52580339
0.59065622, 0.73854616
0.56986839, -0.2932359, -0.70301747
0.57734919, -0.57734919, -0.57731867
0.58043581, 0.77589755
0.56986821, -0.20259397, -0.70301783
0.76598406, -0.15588854, -0.62364572
0.58043581, 0.75770961
0.56986839, -0.202594, -1.25057268
0.76598406, -0.15588854, 0.62364572
0.69030637, 0.75770961
0.56986839, -0.29323587, -1.25057268
0.57734919, -0.57734919, 0.57734919
0.69030637, 0.77589755
0.56986833, -0.04855625, -0.81762242
0.73668629, -0.55165255, -0.39106417
0.60343206, 0.72680092
0.56986833, -0.04855632, -1.13596821
0.73668629, -0.55165255, 0.39106417
0.66731018, 0.72680092
0.38391221, 0.50812423, -1.95915937
0.56663716, 0.56663716, -0.59816277
0.81066686, 0.19619405
0.38391221, 0.65571672, -1.95915937
0.58983123, 0.63042086, -0.50459301
0.83248883, 0.58548394
0.35035211, 0.65571672, -1.95915937
-0.58983123, 0.63042086, -0.50459301
0.81066686, 0.18838108
0.56483072, -0.27138865, 0.37923104
0.57734919, -0.57734919, 0.57734919
0.29355529, 0.23166412
0.0, -0.27138865, 0.37923104
0.0, -0.70708334, 0.70708334
0.92035109, 0.21158195
0.0, 0.65571678, -0.37779245
0.0, 0.70708334, -0.70708334
0.44545704, 0.11637419
0.43040058, -0.27138865, 0.37923104
0.0, -0.70708334, 0.70708334
0.32102054, 0.77151373
0.55526936, -0.29323581, 1.38451934
0.57734919, -0.57731867, -0.57731867
0.99536979, 0.07576424
0.56986839, -0.2932359, -0.70301747
0.57734919, -0.57734919, -0.57731867
0.99734211, 0.28661168
0.1992231, -0.16761543, 0.37923113
-0.70708334, -0.70708334, 0.0
0.94726658, 0.21158195
0.0, -0.1593264, 2.14466476
0.0, 0.70708334, 0.70708334
0.45460773, 0.52190521
0.55526936, -0.1593264, 1.85336304
0.89440596, 0.44718772, 0.0
0.34318927, 0.58035687
0.0, -0.29060885, 2.14466476
0.0, -0.70708334, 0.70708334
0.45460773, 0.52190533
0.55526936, -0.29060885, 1.85336304
0.89440596, -0.44718772, 0.0
0.34318927, 0.58035687
0.55526936, -0.29060885, 2.0387845
0.71727651, -0.63023776, 0.29709768
0.34318927, 0.54315075
0.55526936, -0.29060885, 1.85336304
0.89440596, -0.44718772, 0.0
0.29718307, 0.49556267
0.52170914, -0.29323587, 0.3945525
0.29709768, -0.63023776, -0.71727651
0.99083579, 0.209512
0.55526936, -0.29323587, 0.42811233
0.71727651, -0.63023776, -0.29709768
0.99536979, 0.20497787
0.55526936, -0.29323587, 1.85336304
0.71727651, -0.63023776, 0.29709768
0.99536979, 0.01242191
0.52170926, -0.29323587, 1.88692319
0.29709768, -0.63023776, 0.71727651
0.99083579, 0.0078879
0.38391212, -0.2932359, -0.37779242
0.0, -0.89440596, 0.44718772
0.97221887, 0.24267274
0.56986839, -0.2932359, -0.37779242
0.57734919, -0.57734919, 0.57734919
0.99734211, 0.24267274
0.56986839, -0.29323602, -1.95915937
0.57734919, -0.57734919, -0.57734919
0.99734211, 0.45632052
-0.55526936, -0.29323587, 0.42811233
-0.71727651, -0.63023776, -0.29709768
0.29567739, 0.77965969
-0.52170926, -0.29323587, 1.88692319
-0.29709768, -0.63023776, 0.71727651
0.00295725, 0.77965969
-0.52170926, 0.292799, 1.88368571
-0.37672049, 0.20743431, 0.90276802
0.00373607, 0.30674511
-0.55526936, 0.27870974, 1.71053398
-1.0, 0.0, 0.0
0.03835089, 0.89442432
-0.55526936, -0.29323581, 1.38451934
-0.57731867, -0.57734919, -0.57734919
0.10376792, 0.77965969
-0.5552699, -0.23938338, 1.40723455
-1.0, 0.0, 0.0
0.09920995, 0.79046555
-0.55526924, -0.16441944, 1.38451898
-0.76595354, -0.15588854, -0.62367624
0.10376795, 0.80550754
-0.55526924, 0.02162095, 1.28366208
-1.0, 0.0, 0.0
0.1240056, 0.84283774
-0.55526924, 0.05166389, 1.16302204
-0.76598406, -0.62364572, -0.15588854
0.14821276, 0.84886611
-0.55526811, 0.0137745, 0.89450812
-1.0, 0.0, 0.0
0.20209192, 0.84126334
-0.55526924, -0.06373899, 0.86098093
-0.74690998, -0.40693381, 0.52580339
0.20881937, 0.82570975
-0.55526924, -0.06373899, 1.33082271
-0.74690998, -0.40696433, -0.52580339
0.11454248, 0.82570975
-0.55527061, -0.23701175, 0.77537441
-1.0, 0.0, 0.0
0.22599721, 0.79094142
-0.55526936, -0.29323587, 0.80728513
-0.57731867, -0.57734919, 0.57734919
0.21959385, 0.77965969
-0.55526924, -0.00203235, 1.26370251
-0.73668629, -0.55165255, -0.39106417
0.1280106, 0.83809163
-0.5552693, 0.05166389, 1.02878165
-0.76598406, -0.62364572, 0.15588854
0.17514907, 0.84886606
-0.55526924, -0.00203235, 0.9281013
-0.73668629, -0.55165255, 0.39106417
0.19535124, 0.83809163
-0.55526936, 0.64757758, 0.42811266
-0.87557602, 0.34156317, -0.34156317
0.2956773, 0.96844024
-0.38391221, -0.22192097, -0.37779245
-0.30149236, 0.30149236, -0.90450758
0.47124019, 0.7939695
-0.56986839, 0.12507035, -1.95915937
-0.57734919, 0.57734919, -0.57734919
0.83248883, 0.86359558
-0.56986839, -0.29323602, -1.95915937
-0.57734919, -0.57734919, -0.57734919
0.83248883, 0.77965969
-0.56986839, -0.202594, -1.25057268
-0.76598406, -0.15588854, 0.62364572
0.69030637, 0.7978476
-0.56986839, -0.29323587, -1.25057268
-0.57734919, -0.57734919, 0.57734919
0.69030637, 0.77965969
-0.56986839, -0.2932359, -0.70301747
-0.57734919, -0.57734919, -0.57731867
0.58043581, 0.77965969
-0.56986839, -0.2932359, -0.37779242
-0.57734919, -0.57734919, 0.57734919
0.51517707, 0.77965969
-0.56986821, -0.20259397, -0.70301783
-0.76598406, -0.15588854, -0.62364572
0.58043581, 0.7978476
-0.56986833, -0.10709026, -1.19963753
-0.74690998, -0.40696433, 0.52580339
0.68008572, 0.81701106
-0.56986833, -0.04855632, -1.13596821
-0.73668629, -0.55165255, 0.39106417
0.66731018, 0.82875624
-0.56986821, -0.10709023, -0.7539531
-0.74690998, -0.40696433, -0.52580339
0.59065622, 0.81701106
-0.56986833, -0.04855625, -0.81762242
-0.73668629, -0.55165255, -0.39106417
0.60343206, 0.82875624
-0.38391221, 0.12507035, -1.95915937
-0.4082461, 0.4082461, -0.8164922
0.81066686, 0.03801888
-0.38391221, 0.65571672, -1.95915937
-0.58983123, 0.63042086, -0.50459301
0.83248883, 0.97007329
-0.35035211, 0.65571672, -1.95915937
0.58983123, 0.63042086, -0.50459301
0.81066686, 0.04583561
-0.56483072, -0.27138865, 0.37923104
-0.57734919, -0.57734919, 0.57734919
0.29355529, 0.00108403
-0.56483072, -0.27138865, 0.37923104
-0.57734919, -0.57734919, 0.57734919
0.84404063, 0.21158195
-0.43040058, -0.27138865, 0.37923104
0.0, -0.70708334, 0.70708334
0.32102051, 0.78404349
-0.30138719, -0.20259397, -0.70301783
-0.65636158, -0.18295847, -0.73189491
0.87963277, 0.2866118
-0.2867882, -0.16441944, 1.38451898
-0.65636158, -0.18295847, -0.73189491
0.88160509, 0.07576424
-0.1992231, -0.16761543, 0.37923113
0.70708334, -0.70708334, 0.0
0.89343536, 0.21158195
-0.55526936, -0.1593264, 1.85336304
-0.89440596, 0.44718772, 0.0
0.56602633, 0.58035687
-0.55526936, -0.1593264, 2.0387845
-0.71727651, 0.63023776, 0.29709768
0.56602633, 0.54315075
-0.55526936, -0.29060885, 1.85336304
-0.89440596, -0.44718772, 0.0
0.56602621, 0.58035687
-0.55526936, -0.29060885, 1.85336304
-0.89440596, -0.44718772, 0.0
0.61203253, 0.49556249
-0.55526936, -0.29323587, 0.42811233
-0.71727651, -0.63023776, -0.29709768
0.8453325, 0.20497787
-0.52170914, -0.29323587, 0.3945525
-0.29709768, -0.63023776, -0.71727651
0.84986657, 0.209512
-0.52170926, -0.29323587, 1.88692319
-0.29709768, -0.63023776, 0.71727651
0.84986633, 0.0078879
-0.55526936, -0.29323587, 1.85336304
-0.71727651, -0.63023776, 0.29709768
0.8453325, 0.01242191
-0.56986839, -0.2932359, -0.37779242
-0.57734919, -0.57734919, 0.57734919
0.84336001, 0.24267274
-0.38391235, -0.2932359, -0.37779242
0.0, -0.89440596, 0.44718772
0.8684833, 0.24267274
-0.56986839, -0.29323602, -1.95915937
-0.57734919, -0.57734919, -0.57734919
0.84336001, 0.45632052
-0.3855502, 0.30438611, -0.37153816
0.77636033, 0.0, 0.63023776
0.00041335, 0.98661681
-0.40420857, 0.34943125, -0.37153819
0.54896694, 0.54896694, 0.63023776
0.00041335, 0.97757828
-0.49429882, 0.34943125, -0.37153819
-0.54896694, 0.54896694, 0.63023776
0.00041335, 0.97757828
-0.49429882, 0.259341, -0.37153816
-0.54896694, -0.54896694, 0.63023776
0.00041335, 0.99565533
-0.40420857, 0.259341, -0.37153819
0.54896694, -0.54896694, 0.63023776
0.00041335, 0.99565533
-0.47772363, 0.25247735, -0.34248605
0.0, 0.77636033, 0.63023776
0.00197338, 0.97383426
-0.44925371, 0.24068266, -0.37153819
0.0, -0.77636033, 0.63023776
0.00780264, 0.99939935
-0.47772363, 0.12507042, -0.34248602
0.0, -0.77636033, 0.63023776
0.00197338, 0.99939935
-0.44925371, 0.36808956, -1.91947722
0.0, 0.77636033, -0.63023776
0.00041335, 0.97383426
-0.40420857, 0.34943122, -1.91947722
0.54896694, 0.54896694, -0.63023776
0.00041335, 0.97757827
-0.3855502, 0.30438608, -1.91947722
0.77636033, 0.0, -0.63023776
0.00041335, 0.98661681
-0.44925371, 0.24068263, -1.91947722
0.0, -0.77636033, -0.63023776
0.00041335, 0.99939935
-0.51295716, 0.30438608, -1.91947722
-0.77636033, 0.0, -0.63023776
0.00041335, 0.98661681
-0.44925371, 0.36808956, -0.37153819
0.0, 0.77636033, 0.63023776
0.00980146, 0.97383437
-0.43267852, 0.23381902, -0.34248605
0.54896694, 0.54896694, 0.63023776
0.00041335, 0.97757817
-0.47772363, 0.25247735, -0.34248605
0.0, 0.77636033, 0.63023776
0.00041335, 0.97383426
-0.52276874, 0.23381899, -0.34248605
-0.54896694, 0.54896694, 0.63023776
0.00041335, 0.97757817
-0.52276874, 0.14372876, -0.34248599
-0.54896694, -0.54896694, 0.63023776
0.00041335, 0.99565533
-0.47772363, 0.12507042, -0.34248602
0.0, -0.77636033, 0.63023776
0.00041335, 0.99939935
-0.47772363, 0.25247726, -1.91947722
0.0, 0.77636033, -0.63023776
0.00041335, 0.97383426
-0.43267852, 0.23381892, -1.91947722
0.54896694, 0.54896694, -0.63023776
0.00041335, 0.97757816
-0.41402012, 0.18877383, -1.91947722
0.77636033, 0.0, -0.63023776
0.00041335, 0.98661681
-0.47772363, 0.12507035, -1.91947722
0.0, -0.77636033, -0.63023776
0.00041335, 0.99939935
-0.54142708, 0.18877383, -1.91947722
-0.77636033, 0.0, -0.63023776
0.00041335, 0.98661681
-0.35035211, -0.26527449, -2.1659081
0.65178382, 0.16611224, -0.73998231
0.88328922, 0.7852703
0.56483072, -0.22192097, -0.37779245
0.57734919, 0.57734919, -0.57734919
0.47774944, 0.19649261
0.56483072, -0.27138868, -0.37779242
0.57734919, -0.57734919, -0.57734919
0.4896608, 0.19649261
0.0, -0.27138868, -0.37779242
0.0, -0.70708334, -0.70708334
0.4896608, 0.11637771
0.0, 0.62637895, -0.37779245
0.0, 1.0, 0.0
1.65e-06, 0.50588802
-0.35035211, 0.56103683, -1.84627676
0.90450758, 0.30149236, -0.30149236
0.62014419, 0.24144864
0.35035211, 0.12507035, -1.84627664
-0.57734919, 0.57734919, -0.57734919
0.47954312, 0.32892835
-0.35035211, 0.56103688, -0.37779242
0.70708334, 0.70708334, 0.0
0.49335515, 0.04687762
-0.35035211, 0.12507035, -1.84627664
0.57734919, 0.57734919, -0.57734919
0.79103088, 0.04687762
0.38391221, 0.50812423, -1.95915937
0.56663716, 0.56663716, -0.59816277
0.47280911, 0.25285387
0.56986839, 0.50812423, -1.95915937
0.57734919, 0.57734919, -0.57734919
0.43549567, 0.25285387
0.35035211, 0.12507035, -1.95915937
-0.30613115, 0.30613115, -0.90139472
0.47954312, 0.32971621
0.0, -0.29323602, -1.95915937
0.0, -0.70708334, -0.70708334
0.54984361, 0.41365206
0.56986839, -0.29323602, -1.95915937
0.57734919, -0.57734919, -0.57734919
0.43549567, 0.41365206
-0.56986839, 0.12507035, -1.95915937
-0.57734919, 0.57734919, -0.57734919
0.66419154, 0.32971621
0.35035211, 0.56103688, -0.37779242
-0.70708334, 0.70708334, 0.0
0.57000083, 0.98005399
-0.35035211, 0.56103688, -0.37779242
0.70708334, 0.70708334, 0.0
0.57000083, 0.57258686
-0.35035211, 0.12507035, -1.84627664
0.57734919, 0.57734919, -0.57734919
0.86466205, 0.66006646
-0.35035211, 0.12507035, -1.95915937
0.4082461, 0.4082461, -0.8164922
0.88731265, 0.66006646
-0.47273162, 0.42064288, -1.67544615
-0.70708334, 0.0, 0.70708334
0.94538027, 0.90821254
-0.47273162, 0.42064288, -1.50764549
-0.70708334, 0.0, 0.70708334
0.94538027, 0.87454212
-0.47273162, 0.42064294, -0.66864234
-0.70708334, 0.0, 0.70708334
0.94538015, 0.70619071
-0.47273162, 0.42064294, -0.50084156
-0.70708334, 0.0, 0.70708334
0.94538015, 0.67252052
-0.47273162, 0.42064288, -1.84324658
-0.70708334, 0.0, 0.70708334
0.94538015, 0.94188273
-0.38391221, 0.36808953, -0.63578278
0.05038606, 0.9987182, 0.0
0.38405848, 0.99576514
-0.38391221, 0.36808944, -1.581864
0.05038606, 0.9987182, 0.0
0.38405848, 0.99576514
0.38391221, 0.50812429, -0.37779245
0.57734919, 0.57734919, 0.57734919
0.47432515, 0.60078928
-0.43324292, 0.87294763, -1.87101853
0.66643268, 0.6385693, -0.38474685
0.49278796, 0.88410426
-0.47781351, 0.87294763, -1.87101853
-0.66643268, 0.6385693, -0.38474685
0.48384455, 0.88410426
0.47781363, 0.87294763, -1.87101853
0.66643268, 0.6385693, -0.38474685
0.4927879, 0.92205524
-0.52170914, 0.64757758, 0.39455244
-0.34156317, 0.34156317, -0.87557602
0.42874235, 0.2355563
-0.38391221, 0.12507042, -0.37779242
-0.57734919, 0.57734919, 0.57734919
0.51163858, 0.87790555
-0.38391221, 0.65571678, -0.37779245
-0.57734919, 0.57734919, -0.57734919
0.44833943, 0.03933954
0.6028828, 0.41331884, 1.5546962
-0.69341105, -0.64775538, -0.31550035
0.64452416, 0.46235424
0.6028828, 0.32581359, 1.5546962
-0.69341105, -0.64775538, -0.31550035
0.64452416, 0.47921854
-0.6028828, 0.41331884, 1.5546962
0.69341105, -0.64775538, -0.31550035
0.54710281, 0.46235424
-0.6028828, 0.32581359, 1.5546962
0.69341105, -0.64775538, -0.31550035
0.54710281, 0.47921854
-0.55526996, 0.31004816, 1.66018391
-1.0, 0.0, 0.0
0.04845395, 0.9007126
-0.5552699, 0.2940152, 1.71053386
-1.0, 0.0, 0.0
0.03835093, 0.89749549
-0.55527061, 0.32610178, 1.67404866
-1.0, 0.0, 0.0
0.0456719, 0.90393388
-0.55526924, 0.57732236, 1.31744015
-1.0, 0.0, -3.052e-05
0.11722778, 0.95434303
-0.55526924, 0.62562662, 1.28366172
-1.0, 0.0, 0.0
0.12400566, 0.9640356
0.55526996, 0.57732236, 1.31744015
1.0, 0.0, 0.0
0.11722779, 0.60121423
0.5552699, 0.32581374, 1.31744015
1.0, 0.0, 0.0
0.11722776, 0.65168115
0.5552699, 0.2940152, 1.71053386
1.0, 0.0, 0.0
0.03835092, 0.65806177
0.55527061, 0.32610178, 1.67404866
1.0, 0.0, 0.0
0.0456719, 0.6516234
-0.5552699, 0.29279914, 1.76414144
-1.0, 0.0, 0.0
0.02759414, 0.89725146
-0.55526805, 0.59914559, 0.96022505
-1.0, 3.052e-05, 0.0
0.18890539, 0.95872205
0.55526924, 0.28179848, 0.47398409
1.0, 0.0, 0.0
0.28647292, 0.66051307
0.55526805, 0.59091026, 1.70653713
1.0, 0.0, 0.0
0.03915302, 0.59848785
0.55526924, 0.292799, 1.76414132
1.0, 0.0, 0.0
0.0275942, 0.65830573
0.5552687, 0.31011549, 0.89450794
1.0, 0.0, 0.0
0.20209199, 0.65483108
0.52170926, 0.59091026, 1.81518698
0.37672049, 0.20743431, 0.90276802
0.21310484, 0.24692708
-0.5552699, 0.32929954, 0.87474269
-1.0, 0.0, 0.0
0.20605801, 0.90457553
0.55526936, 0.57179338, 0.87474269
1.0, 0.0, 0.0
0.20605806, 0.60232359
0.5552693, 0.32543892, 0.51883107
1.0, 0.0, 0.0
0.27747411, 0.65175635
0.55526924, 0.32929954, 0.87474269
1.0, 0.0, 0.0
0.20605803, 0.65098163
# Number of Faces:
1005
# Face Data:
0, 1, 2
3, 4, 5
0, 6, 7
2, 4, 8
9, 6, 10
11, 2, 12
13, 11, 12
1, 14, 15
16, 4, 17
14, 6, 18
4, 15, 17
6, 19, 18
15, 20, 21
22, 20, 23
0, 7, 1
3, 8, 4
0, 10, 6
2, 1, 4
9, 24, 6
11, 0, 2
13, 25, 11
1, 7, 14
16, 5, 4
14, 7, 6
4, 1, 15
6, 24, 19
15, 14, 20
22, 21, 20
26, 27, 28
29, 30, 31
32, 33, 34
35, 36, 37
38, 39, 40
41, 42, 39
35, 43, 44
45, 46, 47
40, 42, 48
49, 50, 51
52, 53, 41
31, 54, 29
53, 55, 41
56, 57, 58
59, 60, 61
39, 52, 41
62, 63, 64
65, 66, 67
68, 69, 70
71, 72, 73
74, 75, 76
77, 78, 75
79, 80, 81
82, 83, 84
85, 77, 74
86, 87, 59
88, 89, 90
91, 92, 93
90, 94, 95
93, 96, 97
95, 98, 99
100, 96, 101
99, 102, 103
100, 104, 105
106, 102, 107
105, 108, 109
110, 111, 112
106, 113, 114
109, 115, 116
110, 117, 118
114, 119, 120
88, 121, 122
118, 123, 91
120, 124, 125
101, 123, 115
107, 94, 124
126, 127, 128
129, 130, 131
130, 132, 126
129, 128, 127
133, 134, 135
136, 133, 137
138, 139, 140
134, 141, 135
133, 142, 143
144, 145, 146
147, 148, 144
149, 150, 148
111, 151, 152
149, 153, 146
148, 154, 149
155, 156, 124
157, 26, 28
158, 159, 160
161, 162, 163
164, 165, 37
166, 167, 168
55, 168, 42
43, 169, 170
171, 172, 173
168, 174, 166
175, 176, 177
42, 167, 48
178, 179, 180
174, 181, 182
159, 183, 160
55, 182, 181
184, 185, 186
187, 188, 189
190, 191, 192
193, 194, 195
196, 197, 198
199, 200, 201
202, 203, 199
204, 205, 206
83, 207, 208
209, 205, 210
211, 212, 213
214, 215, 216
217, 218, 219
220, 216, 221
222, 219, 223
224, 221, 225
226, 222, 223
227, 225, 228
229, 226, 230
231, 227, 228
232, 230, 233
234, 235, 236
237, 231, 238
239, 233, 240
241, 234, 242
243, 238, 244
215, 245, 246
247, 242, 218
248, 244, 249
250, 229, 239
251, 237, 248
252, 253, 254
255, 256, 257
258, 255, 253
254, 256, 252
259, 260, 261
262, 260, 263
264, 265, 266
267, 259, 261
142, 260, 268
269, 270, 271
272, 273, 147
274, 275, 272
152, 235, 239
153, 154, 275
154, 272, 275
248, 156, 155
276, 277, 278
279, 280, 281
282, 283, 284
285, 286, 287
279, 285, 282
288, 289, 290
291, 292, 293
294, 295, 296
292, 297, 293
298, 296, 299
300, 301, 297
302, 303, 304
305, 306, 301
307, 308, 309
310, 304, 311
306, 312, 313
314, 315, 316
317, 311, 318
313, 319, 320
321, 322, 323
324, 318, 325
320, 326, 327
328, 316, 295
326, 291, 327
329, 330, 331
332, 333, 334
335, 332, 334
336, 337, 338
339, 340, 341
342, 339, 343
344, 345, 346
347, 348, 349
350, 351, 352
353, 354, 355
356, 353, 357
355, 358, 359
360, 357, 361
362, 363, 364
364, 365, 362
366, 367, 368
369, 370, 371
372, 373, 374
375, 376, 344
377, 378, 337
379, 380, 381
382, 337, 378
383, 384, 385
386, 387, 388
389, 390, 391
392, 393, 394
395, 396, 397
398, 399, 400
401, 402, 403
404, 405, 406
407, 408, 409
410, 411, 412
413, 414, 415
416, 417, 418
419, 420, 421
422, 423, 424
425, 426, 427
428, 429, 430
431, 432, 433
434, 435, 436
437, 438, 439
440, 441, 442
443, 444, 445
446, 447, 448
449, 450, 451
452, 453, 454
455, 456, 457
458, 459, 460
440, 461, 401
462, 463, 464
460, 419, 421
465, 396, 466
467, 468, 469
470, 471, 463
472, 399, 473
425, 474, 386
443, 475, 404
449, 476, 410
422, 477, 383
478, 420, 479
448, 407, 409
480, 462, 464
481, 408, 482
441, 403, 402
450, 412, 411
430, 389, 391
444, 406, 405
423, 385, 384
426, 388, 387
433, 392, 394
457, 416, 418
454, 413, 415
436, 395, 397
483, 484, 485
486, 390, 487
488, 414, 489
490, 417, 491
492, 468, 493
494, 393, 495
439, 398, 400
492, 467, 469
496, 470, 462
483, 493, 468
463, 480, 464
497, 480, 471
485, 492, 493
498, 499, 500
501, 502, 503
501, 499, 504
505, 506, 507
508, 509, 510
507, 511, 508
512, 513, 514
515, 516, 517
518, 519, 520
521, 522, 523
524, 516, 525
520, 515, 517
526, 527, 528
529, 527, 530
523, 526, 528
528, 518, 520
516, 531, 517
532, 533, 531
533, 521, 523
527, 534, 532
533, 523, 528
535, 536, 537
536, 538, 539
539, 540, 541
540, 542, 541
535, 540, 538
543, 544, 542
544, 535, 537
536, 541, 544
545, 546, 547
546, 548, 549
548, 550, 549
550, 551, 552
545, 553, 548
551, 554, 552
555, 547, 554
546, 550, 554
556, 172, 26
557, 558, 559
349, 560, 561
562, 560, 348
563, 564, 565
566, 567, 568
569, 567, 570
566, 568, 569
571, 570, 567
572, 573, 574
575, 576, 577
576, 578, 579
577, 576, 579
575, 578, 580
581, 582, 583
584, 585, 582
586, 583, 585
584, 581, 587
581, 586, 587
588, 587, 586
589, 584, 587
590, 586, 584
589, 588, 591
589, 591, 590
592, 590, 591
593, 591, 588
594, 588, 590
595, 596, 597
598, 599, 600
601, 599, 602
598, 601, 602
600, 599, 603
604, 605, 606
607, 608, 609
610, 607, 611
609, 611, 607
608, 612, 610
613, 614, 615
616, 617, 613
615, 618, 616
617, 619, 614
614, 619, 618
619, 620, 618
617, 621, 619
618, 622, 617
621, 623, 620
621, 622, 623
622, 624, 623
623, 625, 620
620, 626, 622
627, 51, 628
629, 630, 631
632, 633, 628
634, 635, 636
637, 638, 639
640, 641, 642
643, 644, 645
646, 629, 643
647, 648, 175
649, 650, 651
652, 163, 162
653, 654, 655
656, 657, 658
645, 659, 177
660, 651, 650
654, 661, 662
653, 655, 663
664, 665, 36
666, 667, 652
668, 179, 669
670, 669, 660
671, 672, 673
674, 675, 676
677, 678, 674
678, 663, 679
664, 680, 681
682, 681, 683
684, 685, 46
686, 34, 685
687, 688, 46
165, 682, 689
690, 691, 665
665, 664, 692
165, 164, 693
26, 171, 27
29, 694, 30
32, 695, 33
164, 37, 36
35, 696, 36
41, 55, 42
35, 37, 43
45, 684, 46
40, 39, 42
694, 29, 657
29, 697, 657
628, 34, 627
627, 34, 33
698, 694, 657
699, 656, 700
698, 657, 699
700, 698, 699
701, 663, 702
703, 51, 704
658, 701, 705
700, 656, 658
705, 700, 658
706, 627, 707
708, 705, 701
627, 33, 707
706, 707, 50
708, 701, 702
702, 663, 632
709, 702, 632
710, 709, 703
709, 632, 703
704, 710, 703
49, 706, 50
704, 51, 50
31, 711, 54
53, 712, 55
671, 713, 672
57, 669, 714
669, 715, 714
672, 713, 56
57, 714, 58
58, 672, 56
716, 61, 60
59, 717, 60
39, 38, 52
718, 719, 720
62, 721, 722
721, 723, 724
725, 726, 718
720, 725, 718
721, 724, 722
62, 722, 727
728, 720, 719
64, 728, 719
62, 727, 63
64, 719, 62
65, 729, 66
68, 730, 69
71, 731, 72
74, 77, 75
77, 732, 78
204, 81, 80
80, 733, 204
82, 734, 83
85, 732, 77
59, 61, 86
87, 735, 59
88, 122, 89
91, 123, 92
90, 89, 94
93, 92, 96
95, 94, 98
100, 97, 96
99, 98, 102
100, 101, 104
106, 103, 102
105, 104, 108
110, 736, 111
106, 107, 113
109, 108, 115
110, 112, 117
114, 113, 119
88, 737, 121
118, 117, 123
120, 119, 124
112, 111, 117
115, 108, 104
104, 101, 115
96, 92, 123
123, 117, 111
111, 115, 123
101, 96, 123
122, 121, 89
124, 119, 113
113, 107, 124
102, 98, 94
94, 89, 121
121, 124, 94
107, 102, 94
126, 132, 127
129, 738, 130
130, 738, 132
129, 131, 128
133, 143, 134
136, 263, 133
739, 133, 263
137, 740, 136
741, 140, 139
138, 742, 743
743, 139, 138
134, 744, 141
133, 739, 142
144, 150, 145
150, 144, 148
147, 273, 148
149, 145, 150
152, 745, 115
746, 116, 115
111, 736, 747
745, 746, 115
111, 747, 748
152, 115, 111
111, 748, 151
146, 145, 149
149, 154, 153
148, 273, 154
121, 737, 749
750, 749, 737
121, 749, 155
156, 751, 124
124, 121, 155
751, 125, 124
157, 556, 26
158, 752, 159
161, 753, 162
169, 37, 165
165, 754, 169
55, 181, 168
43, 37, 169
171, 26, 172
168, 181, 174
175, 666, 176
42, 168, 167
161, 163, 635
163, 755, 635
669, 159, 668
668, 159, 752
756, 161, 635
757, 634, 758
756, 635, 757
758, 756, 757
759, 631, 760
761, 179, 762
636, 759, 763
758, 634, 636
763, 758, 636
764, 668, 765
766, 763, 759
668, 752, 765
764, 765, 178
766, 759, 760
760, 631, 767
767, 631, 660
768, 767, 761
767, 660, 761
762, 768, 761
180, 764, 178
178, 762, 179
159, 769, 183
55, 712, 182
211, 186, 185
185, 770, 211
771, 772, 773
772, 774, 773
775, 776, 777
777, 776, 189
771, 773, 778
771, 778, 779
780, 777, 189
781, 780, 189
771, 779, 187
188, 781, 189
771, 187, 189
190, 782, 191
193, 783, 194
196, 784, 197
199, 203, 200
202, 785, 203
786, 206, 205
204, 733, 205
83, 734, 207
209, 786, 205
213, 186, 211
211, 787, 212
214, 788, 215
217, 247, 218
220, 214, 216
222, 217, 219
224, 220, 221
226, 250, 222
227, 224, 225
229, 250, 226
231, 251, 227
232, 229, 230
234, 789, 235
237, 251, 231
239, 232, 233
241, 789, 234
243, 237, 238
215, 788, 245
247, 241, 242
248, 243, 244
239, 235, 247
789, 241, 235
247, 217, 222
222, 250, 247
229, 232, 239
235, 241, 247
247, 250, 239
248, 245, 220
788, 214, 245
220, 224, 227
227, 251, 220
237, 243, 248
245, 214, 220
220, 251, 248
252, 258, 253
255, 790, 256
258, 790, 255
254, 257, 256
259, 268, 260
262, 791, 792
792, 260, 262
739, 263, 260
266, 140, 264
741, 264, 140
265, 793, 266
267, 794, 259
142, 739, 260
269, 274, 270
147, 270, 272
274, 272, 270
274, 269, 275
795, 796, 239
151, 797, 235
798, 236, 235
239, 240, 795
797, 798, 235
239, 796, 152
151, 235, 152
275, 269, 271
271, 153, 275
154, 273, 272
799, 246, 800
248, 249, 801
800, 246, 245
248, 801, 156
155, 800, 245
245, 248, 155
276, 279, 277
279, 282, 280
282, 285, 283
285, 276, 286
279, 276, 285
802, 803, 290
290, 804, 288
288, 805, 289
289, 806, 802
802, 290, 289
291, 807, 292
294, 328, 295
292, 300, 297
298, 294, 296
300, 305, 301
302, 808, 303
305, 809, 306
309, 810, 811
811, 812, 307
307, 813, 308
308, 814, 309
309, 811, 307
310, 302, 304
306, 809, 312
314, 815, 315
317, 310, 311
313, 312, 319
323, 816, 321
817, 818, 321
321, 819, 820
820, 322, 321
816, 817, 321
324, 317, 318
320, 319, 326
328, 314, 316
326, 807, 291
331, 821, 822
822, 823, 329
329, 824, 330
330, 825, 331
331, 822, 329
335, 826, 332
339, 342, 340
347, 827, 828
829, 348, 347
347, 828, 829
350, 562, 348
829, 351, 350
350, 348, 829
353, 830, 354
356, 830, 353
355, 354, 358
360, 356, 357
362, 831, 363
364, 832, 365
366, 833, 367
369, 834, 370
835, 836, 837
838, 372, 374
837, 836, 839
840, 373, 372
374, 837, 838
839, 838, 837
375, 841, 376
377, 842, 378
381, 375, 344
344, 379, 381
382, 843, 844
844, 337, 382
383, 477, 384
386, 474, 387
389, 487, 390
392, 495, 393
395, 466, 396
398, 473, 399
401, 461, 402
404, 475, 405
407, 482, 408
410, 476, 411
413, 489, 414
416, 491, 417
419, 479, 420
422, 845, 423
425, 846, 426
428, 486, 429
431, 494, 432
434, 465, 435
437, 472, 438
440, 847, 441
443, 848, 444
446, 481, 447
449, 849, 450
452, 488, 453
455, 490, 456
458, 478, 459
440, 442, 461
462, 470, 463
460, 459, 419
465, 434, 396
467, 483, 468
470, 497, 471
472, 437, 399
425, 427, 474
443, 445, 475
449, 451, 476
422, 424, 477
478, 458, 420
448, 447, 407
480, 496, 462
481, 446, 408
441, 847, 403
450, 849, 412
430, 429, 389
444, 848, 406
423, 845, 385
426, 846, 388
433, 432, 392
457, 456, 416
454, 453, 413
436, 435, 395
483, 467, 484
486, 428, 390
488, 452, 414
490, 455, 417
492, 469, 468
494, 431, 393
439, 438, 398
492, 484, 467
496, 497, 470
483, 485, 493
463, 471, 480
497, 496, 480
485, 484, 492
498, 850, 499
501, 504, 502
501, 500, 499
505, 851, 506
508, 511, 509
507, 506, 511
512, 852, 513
515, 525, 516
518, 524, 519
521, 529, 522
524, 518, 516
520, 519, 515
526, 530, 527
529, 521, 527
523, 522, 526
528, 527, 518
516, 532, 531
532, 534, 533
533, 534, 521
532, 516, 518
527, 521, 534
532, 518, 527
520, 517, 531
531, 533, 528
528, 520, 531
535, 853, 536
536, 853, 538
539, 538, 540
540, 543, 542
538, 853, 535
535, 854, 543
543, 540, 535
543, 854, 544
544, 854, 535
544, 537, 536
536, 539, 541
541, 542, 544
545, 855, 546
546, 855, 548
548, 553, 550
550, 553, 551
548, 855, 545
545, 555, 551
551, 553, 545
551, 555, 554
555, 545, 547
554, 547, 546
546, 549, 550
550, 552, 554
556, 856, 172
557, 857, 558
349, 348, 560
562, 858, 560
563, 859, 564
566, 571, 567
569, 568, 567
572, 860, 573
575, 580, 576
576, 580, 578
581, 584, 582
584, 586, 585
586, 581, 583
588, 589, 587
589, 590, 584
590, 588, 586
592, 594, 590
593, 592, 591
594, 593, 588
595, 861, 596
598, 602, 599
601, 603, 599
604, 862, 605
607, 612, 608
610, 612, 607
613, 617, 614
616, 618, 617
615, 614, 618
619, 621, 620
617, 622, 621
618, 620, 622
622, 626, 624
623, 624, 625
620, 625, 626
632, 628, 51
627, 706, 49
51, 703, 632
627, 49, 51
631, 863, 629
864, 865, 863
864, 863, 755
866, 867, 631
630, 866, 631
755, 863, 631
632, 638, 868
632, 868, 869
870, 628, 633
633, 871, 870
632, 869, 641
641, 633, 632
755, 631, 636
631, 759, 636
757, 635, 634
755, 636, 635
639, 870, 871
639, 871, 640
637, 868, 638
639, 640, 642
642, 637, 639
869, 868, 641
637, 641, 868
640, 871, 633
633, 641, 640
637, 642, 641
867, 866, 646
867, 646, 645
865, 864, 645
644, 865, 645
645, 646, 643
863, 865, 644
644, 643, 629
646, 866, 629
630, 629, 866
863, 644, 629
667, 175, 648
659, 647, 175
648, 872, 667
649, 873, 650
652, 667, 163
653, 661, 654
697, 663, 701
697, 701, 658
699, 657, 656
697, 658, 657
56, 713, 873
649, 651, 867
56, 873, 649
159, 669, 57
769, 159, 57
659, 175, 177
177, 769, 867
769, 57, 56
651, 631, 867
56, 649, 867
163, 667, 872
864, 755, 872
755, 163, 872
864, 872, 648
645, 864, 647
864, 648, 647
769, 56, 867
645, 647, 659
177, 867, 645
873, 713, 650
660, 631, 651
650, 713, 660
874, 697, 29
47, 46, 875
874, 29, 676
676, 29, 54
876, 685, 34
34, 628, 876
876, 628, 870
687, 876, 870
687, 870, 688
688, 870, 639
638, 632, 655
875, 688, 639
638, 655, 654
47, 875, 639
638, 654, 662
47, 639, 638
676, 54, 662
653, 877, 661
662, 54, 638
54, 47, 638
661, 877, 662
632, 663, 655
877, 653, 663
36, 696, 878
878, 664, 36
665, 691, 36
666, 175, 667
660, 669, 761
668, 764, 180
179, 761, 669
668, 180, 179
660, 713, 879
713, 671, 879
670, 715, 669
660, 879, 673
673, 670, 660
714, 715, 58
673, 58, 715
879, 671, 673
672, 58, 673
670, 673, 715
662, 880, 677
662, 677, 674
881, 874, 675
675, 874, 676
676, 662, 674
679, 881, 678
675, 674, 881
677, 880, 678
882, 678, 880
881, 674, 678
697, 874, 679
874, 881, 679
877, 663, 678
880, 662, 877
882, 880, 877
697, 679, 663
678, 882, 877
681, 692, 664
664, 878, 680
683, 689, 682
682, 692, 681
684, 686, 685
686, 32, 34
46, 685, 687
876, 687, 685
688, 875, 46
689, 754, 165
165, 693, 690
690, 682, 165
690, 693, 691
692, 682, 690
690, 665, 692
691, 693, 164
164, 36, 691
